16:50:53.094 -> 1,1,1,-1455,2,-1678,3,-94
16:50:53.196 -> 1,1,1,-1421,2,-1663,3,-59
16:50:53.264 -> 1,1,1,-1417,2,-1650,3,-80
16:50:53.334 -> 1,1,1,-1446,2,-1671,3,-87
16:50:53.403 -> 1,1,1,-1422,2,-1646,3,-68
16:50:53.471 -> 1,1,1,-1448,2,-1648,3,-63
16:50:53.573 -> 1,1,1,-1425,2,-1666,3,-57
16:50:53.643 -> 1,1,1,-1413,2,-1649,3,-58
16:50:53.747 -> 1,1,1,-1435,2,-1666,3,-47
16:50:53.816 -> 1,1,1,-1424,2,-1632,3,-63
16:50:53.884 -> 1,1,1,-1423,2,-1648,3,-77
16:50:53.987 -> 1,1,1,-1426,2,-1637,3,-63
16:50:54.056 -> 1,1,1,-1446,2,-1650,3,-58
16:50:54.125 -> 1,1,1,-1423,2,-1653,3,-44
16:50:54.194 -> 1,1,1,-1429,2,-1647,3,-73
16:50:54.264 -> 1,1,1,-1451,2,-1656,3,-83
16:50:54.366 -> 1,1,1,-1446,2,-1646,3,-82
16:50:54.434 -> 1,1,1,-1432,2,-1661,3,-91
16:50:54.537 -> 1,1,1,-1438,2,-1628,3,-63
16:50:54.606 -> 1,1,1,-1426,2,-1628,3,-71
16:50:54.674 -> 1,1,1,-1436,2,-1659,3,-88
16:50:54.776 -> 1,1,1,-1439,2,-1663,3,-84
16:50:54.845 -> 1,1,1,-1425,2,-1647,3,-51
16:50:54.914 -> 1,1,1,-1414,2,-1647,3,-77
16:50:54.982 -> 1,1,1,-1448,2,-1655,3,-109
16:50:55.051 -> 1,1,1,-1426,2,-1650,3,-75
16:50:55.155 -> 1,1,1,-1412,2,-1643,3,-66
16:50:55.223 -> 1,1,1,-1420,2,-1659,3,-68
16:50:55.293 -> 1,1,1,-1423,2,-1637,3,-71
16:50:55.397 -> 1,1,1,-1431,2,-1659,3,-60
16:50:55.465 -> 1,1,1,-1438,2,-1661,3,-61
16:50:55.567 -> 1,1,1,-1442,2,-1680,3,-95
16:50:55.637 -> 1,1,1,-1432,2,-1641,3,-77
16:50:55.706 -> 1,1,1,-1437,2,-1653,3,-87
16:50:55.774 -> 1,1,1,-1422,2,-1647,3,-51
16:50:55.842 -> 1,1,1,-1442,2,-1686,3,-81
16:50:55.944 -> 1,1,1,-1428,2,-1643,3,-71
16:50:56.046 -> 1,1,1,-1459,2,-1640,3,-61
16:50:56.630 -> 1,1,1,-1458,2,-1637,3,-94
16:50:56.699 -> 1,1,1,-1449,2,-1644,3,-71
16:50:56.769 -> 1,1,1,-1430,2,-1609,3,-65
16:50:56.871 -> 1,1,1,-1438,2,-1616,3,-45
16:50:56.938 -> 1,1,1,-1438,2,-1638,3,-77
16:50:57.007 -> 1,1,1,-1436,2,-1627,3,-39
16:50:57.076 -> 1,1,1,-1415,2,-1629,3,-39
16:50:57.180 -> 1,1,1,-1430,2,-1607,3,-41
16:50:57.283 -> 1,1,1,-1451,2,-1619,3,-60
16:50:57.352 -> 1,1,1,-1424,2,-1615,3,-68
16:50:57.422 -> 1,1,1,-1423,2,-1614,3,-39
16:50:57.492 -> 1,1,1,-1427,2,-1612,3,-41
16:50:57.560 -> 1,1,1,-1441,2,-1639,3,-65
16:50:57.663 -> 1,1,1,-1426,2,-1617,3,-40
16:50:57.732 -> 1,1,1,-1441,2,-1637,3,-51
16:50:57.800 -> 1,1,1,-1429,2,-1622,3,-34
16:50:57.868 -> 1,1,1,-1436,2,-1625,3,-48
16:50:57.937 -> 1,1,1,-1436,2,-1621,3,-54
16:50:58.072 -> 1,1,1,-1444,2,-1656,3,-85
16:50:58.141 -> 1,1,1,-1454,2,-1660,3,-76
16:50:58.210 -> 1,1,1,-1424,2,-1622,3,-62
16:50:58.279 -> 1,1,1,-1434,2,-1618,3,-60
16:50:58.347 -> 1,1,1,-1435,2,-1612,3,-76
16:50:58.451 -> 1,1,1,-1439,2,-1632,3,-65
16:50:58.520 -> 1,1,1,-1445,2,-1651,3,-73
16:50:58.588 -> 1,1,1,-1421,2,-1625,3,-47
16:50:58.657 -> 1,1,1,-1430,2,-1629,3,-56
16:50:58.725 -> 1,1,1,-1439,2,-1653,3,-82
16:50:58.864 -> 1,1,1,-1437,2,-1627,3,-55
16:50:58.931 -> 1,1,1,-1457,2,-1648,3,-87
16:50:58.999 -> 1,1,1,-1455,2,-1660,3,-74
16:50:59.069 -> 1,1,1,-1446,2,-1623,3,-68
16:50:59.139 -> 1,1,1,-1441,2,-1625,3,-64
16:50:59.244 -> 1,1,1,-1441,2,-1636,3,-63
16:50:59.311 -> 1,1,1,-1451,2,-1633,3,-63
16:50:59.415 -> 1,1,1,-1436,2,-1617,3,-80
16:50:59.586 -> 1,1,1,-1431,2,-1658,3,-69
16:50:59.656 -> 1,1,1,-1422,2,-1604,3,-80
16:50:59.759 -> 1,1,1,-1432,2,-1602,3,-46
16:50:59.827 -> 1,1,1,-1443,2,-1621,3,-50
16:50:59.930 -> 1,1,1,-1428,2,-1608,3,-63
16:50:59.998 -> 1,1,1,-1441,2,-1619,3,-59
16:51:00.068 -> 1,1,1,-1428,2,-1622,3,-70
16:51:00.172 -> 1,1,1,-1424,2,-1610,3,-58
16:51:00.242 -> 1,1,1,-1439,2,-1624,3,-95
16:51:00.310 -> 1,1,1,-1431,2,-1638,3,-52
16:51:00.378 -> 1,1,1,-1432,2,-1632,3,-73
16:51:00.446 -> 1,1,1,-1440,2,-1646,3,-56
16:51:00.550 -> 1,1,1,-1416,2,-1597,3,-48
16:51:00.619 -> 1,1,1,-1446,2,-1617,3,-66
16:51:00.691 -> 1,1,1,-1433,2,-1620,3,-59
16:51:00.793 -> 1,1,1,-1433,2,-1621,3,-46
16:51:00.860 -> 1,1,1,-1415,2,-1627,3,-50
16:51:00.965 -> 1,1,1,-1451,2,-1640,3,-65
16:51:01.034 -> 1,1,1,-1422,2,-1625,3,-57
16:51:01.104 -> 1,1,1,-1432,2,-1624,3,-54
16:51:01.173 -> 1,1,1,-1444,2,-1616,3,-68
16:51:01.242 -> 1,1,1,-1434,2,-1606,3,-41
16:51:01.347 -> 1,1,1,-1435,2,-1623,3,-70
16:51:01.416 -> 1,1,1,-1438,2,-1631,3,-62
16:51:01.486 -> 1,1,1,-1441,2,-1624,3,-72
16:51:01.556 -> 1,1,1,-1426,2,-1627,3,-47
16:51:01.624 -> 1,1,1,-1433,2,-1627,3,-62
16:51:01.729 -> 1,1,1,-1430,2,-1620,3,-53
16:51:01.832 -> 1,1,1,-1436,2,-1617,3,-74
16:51:01.899 -> 1,1,1,-1434,2,-1644,3,-31
16:51:01.966 -> 1,1,1,-1426,2,-1626,3,-50
16:51:02.035 -> 1,1,1,-1438,2,-1642,3,-61
16:51:02.139 -> 1,1,1,-1443,2,-1624,3,-58
16:51:02.205 -> 1,1,1,-1440,2,-1620,3,-54
16:51:02.273 -> 1,1,1,-1431,2,-1635,3,-50
16:51:02.342 -> 1,1,1,-1439,2,-1628,3,-60
16:51:02.410 -> 1,1,1,-1442,2,-1636,3,-84
16:51:02.547 -> 1,1,1,-1431,2,-1624,3,-59
16:51:02.615 -> 1,1,1,-1446,2,-1606,3,-73
16:51:02.682 -> 1,1,1,-1421,2,-1636,3,-66
16:51:02.786 -> 1,1,1,-1436,2,-1625,3,-60
16:51:02.957 -> 1,1,1,-1448,2,-1658,3,-74
16:51:03.061 -> 1,1,1,-1431,2,-1668,3,-75
16:51:03.130 -> 1,1,1,-1434,2,-1631,3,-43
16:51:03.200 -> 1,1,1,-1437,2,-1630,3,-72
16:51:03.269 -> 1,1,1,-1442,2,-1641,3,-64
16:51:03.338 -> 1,1,1,-1453,2,-1633,3,-76
16:51:03.441 -> 1,1,1,-1434,2,-1629,3,-61
16:51:03.543 -> 1,1,1,-1449,2,-1641,3,-78
16:51:03.613 -> 1,1,1,-1451,2,-1621,3,-87
16:51:03.683 -> 1,1,1,-1434,2,-1622,3,-52
16:51:03.751 -> 1,1,1,-1451,2,-1633,3,-69
16:51:03.854 -> 1,1,1,-1438,2,-1658,3,-64
16:51:03.922 -> 1,1,1,-1437,2,-1650,3,-65
16:51:03.991 -> 1,1,1,-1430,2,-1626,3,-75
16:51:04.060 -> 1,1,1,-1428,2,-1630,3,-61
16:51:04.129 -> 1,1,1,-1439,2,-1643,3,-58
16:51:04.230 -> 1,1,1,-1449,2,-1656,3,-82
16:51:04.333 -> 1,1,1,-1438,2,-1651,3,-49
16:51:04.401 -> 1,1,1,-1434,2,-1632,3,-55
16:51:04.471 -> 1,1,1,-1448,2,-1645,3,-94
16:51:04.539 -> 1,1,1,-1447,2,-1657,3,-84
16:51:04.642 -> 1,1,1,-1429,2,-1637,3,-59
16:51:04.711 -> 1,1,1,-1448,2,-1651,3,-70
16:51:04.780 -> 1,1,1,-1420,2,-1644,3,-64
16:51:04.849 -> 1,1,1,-1430,2,-1641,3,-70
16:51:04.918 -> 1,1,1,-1438,2,-1632,3,-52
16:51:05.019 -> 1,1,1,-1433,2,-1627,3,-76
16:51:05.089 -> 1,1,1,-1436,2,-1665,3,-60
16:51:05.192 -> 1,1,1,-1425,2,-1624,3,-62
16:51:05.261 -> 1,1,1,-1445,2,-1667,3,-70
16:51:05.330 -> 1,1,1,-1450,2,-1638,3,-68
16:51:05.433 -> 1,1,1,-1449,2,-1671,3,-70
16:51:05.502 -> 1,1,1,-1445,2,-1643,3,-96
16:51:05.570 -> 1,1,1,-1447,2,-1653,3,-82
16:51:05.640 -> 1,1,1,-1451,2,-1674,3,-101
16:51:05.709 -> 1,1,1,-1456,2,-1641,3,-91
16:51:05.812 -> 1,1,1,-1439,2,-1650,3,-75
16:51:05.879 -> 1,1,1,-1451,2,-1658,3,-88
16:51:05.982 -> 1,1,1,-1442,2,-1630,3,-59
16:51:06.050 -> 1,1,1,-1445,2,-1644,3,-83
16:51:06.153 -> 1,1,1,-1427,2,-1650,3,-33
16:51:06.356 -> 1,1,1,-1420,2,-1640,3,-27
16:51:06.424 -> 1,1,1,-1421,2,-1675,3,-40
16:51:06.494 -> 1,1,1,-1432,2,-1660,3,-21
16:51:06.563 -> 1,1,1,-1433,2,-1647,3,-32
16:51:06.631 -> 1,1,1,-1447,2,-1641,3,-45
16:51:06.735 -> 1,1,1,-1427,2,-1658,3,0
16:51:06.804 -> 1,1,1,-1432,2,-1641,3,-14
16:51:06.874 -> 1,1,1,-1432,2,-1637,3,-29
16:51:06.943 -> 1,1,1,-1411,2,-1638,3,-48
16:51:07.045 -> 1,1,1,-1401,2,-1628,3,-22
16:51:07.148 -> 1,1,1,-1436,2,-1656,3,-19
16:51:07.217 -> 1,1,1,-1419,2,-1652,3,-30
16:51:07.286 -> 1,1,1,-1425,2,-1652,3,-33
16:51:07.355 -> 1,1,1,-1437,2,-1690,3,-27
16:51:07.424 -> 1,1,1,-1453,2,-1666,3,-58
16:51:07.526 -> 1,1,1,-1427,2,-1645,3,-47
16:51:07.595 -> 1,1,1,-1435,2,-1651,3,-43
16:51:07.665 -> 1,1,1,-1451,2,-1663,3,-43
16:51:07.732 -> 1,1,1,-1443,2,-1656,3,-42
16:51:07.835 -> 1,1,1,-1423,2,-1652,3,-29
16:51:07.939 -> 1,1,1,-1441,2,-1657,3,-52
16:51:08.008 -> 1,1,1,-1437,2,-1650,3,-29
16:51:08.076 -> 1,1,1,-1433,2,-1665,3,-60
16:51:08.144 -> 1,1,1,-1421,2,-1667,3,-22
16:51:08.213 -> 1,1,1,-1421,2,-1643,3,-31
16:51:08.317 -> 1,1,1,-1428,2,-1646,3,-28
16:51:08.386 -> 1,1,1,-1445,2,-1647,3,-35
16:51:08.455 -> 1,1,1,-1442,2,-1656,3,-26
16:51:08.522 -> 1,1,1,-1420,2,-1629,3,-12
16:51:08.592 -> 1,1,1,-1457,2,-1679,3,-54
16:51:08.730 -> 1,1,1,-1415,2,-1629,3,-33
16:51:08.798 -> 1,1,1,-1439,2,-1660,3,-47
16:51:08.866 -> 1,1,1,-1429,2,-1642,3,-22
16:51:08.935 -> 1,1,1,-1433,2,-1659,3,-47
16:51:09.004 -> 1,1,1,-1427,2,-1657,3,-28
16:51:09.109 -> 1,1,1,-1448,2,-1673,3,-74
16:51:09.179 -> 1,1,1,-1427,2,-1646,3,-28
16:51:09.248 -> 1,1,1,-1422,2,-1664,3,-22
16:51:09.317 -> 1,1,1,-1426,2,-1655,3,-43
16:51:09.386 -> 1,1,1,-1461,2,-1658,3,-58
16:51:09.522 -> 1,1,1,-1437,2,-1612,3,-45
16:51:09.729 -> 1,1,1,-1439,2,-1629,3,-57
16:51:09.797 -> 1,1,1,-1440,2,-1619,3,-36
16:51:09.867 -> 1,1,1,-1430,2,-1611,3,-70
16:51:09.936 -> 1,1,1,-1441,2,-1630,3,-64
16:51:10.039 -> 1,1,1,-1429,2,-1622,3,-59
16:51:10.108 -> 1,1,1,-1427,2,-1611,3,-70
16:51:10.176 -> 1,1,1,-1435,2,-1606,3,-57
16:51:10.245 -> 1,1,1,-1423,2,-1601,3,-59
16:51:10.313 -> 1,1,1,-1426,2,-1589,3,-32
16:51:10.416 -> 1,1,1,-1448,2,-1628,3,-57
16:51:10.486 -> 1,1,1,-1429,2,-1603,3,-45
16:51:10.555 -> 1,1,1,-1425,2,-1651,3,-65
16:51:10.658 -> 1,1,1,-1414,2,-1600,3,-46
16:51:10.727 -> 1,1,1,-1449,2,-1626,3,-79
16:51:10.830 -> 1,1,1,-1444,2,-1624,3,-73
16:51:10.898 -> 1,1,1,-1439,2,-1640,3,-67
16:51:10.966 -> 1,1,1,-1424,2,-1612,3,-54
16:51:11.035 -> 1,1,1,-1420,2,-1612,3,-64
16:51:11.104 -> 1,1,1,-1433,2,-1616,3,-58
16:51:11.207 -> 1,1,1,-1445,2,-1624,3,-61
16:51:11.273 -> 1,1,1,-1425,2,-1597,3,-73
16:51:11.342 -> 1,1,1,-1431,2,-1600,3,-62
16:51:11.445 -> 1,1,1,-1433,2,-1622,3,-77
16:51:11.513 -> 1,1,1,-1430,2,-1607,3,-42
16:51:11.616 -> 1,1,1,-1431,2,-1628,3,-67
16:51:11.684 -> 1,1,1,-1432,2,-1620,3,-52
16:51:11.753 -> 1,1,1,-1426,2,-1590,3,-58
16:51:11.823 -> 1,1,1,-1437,2,-1619,3,-78
16:51:11.891 -> 1,1,1,-1435,2,-1602,3,-68
16:51:11.993 -> 1,1,1,-1445,2,-1637,3,-83
16:51:12.062 -> 1,1,1,-1447,2,-1636,3,-63
16:51:12.164 -> 1,1,1,-1433,2,-1624,3,-69
16:51:12.233 -> 1,1,1,-1439,2,-1627,3,-80
16:51:12.302 -> 1,1,1,-1443,2,-1645,3,-97
16:51:12.404 -> 1,1,1,-1444,2,-1595,3,-59
16:51:12.473 -> 1,1,1,-1437,2,-1635,3,-74
16:51:12.543 -> 1,1,1,-1443,2,-1615,3,-53
16:51:12.612 -> 1,1,1,-1437,2,-1625,3,-75
16:51:12.681 -> 1,1,1,-1419,2,-1636,3,-53
16:51:12.784 -> 1,1,1,-1433,2,-1603,3,-60
16:51:12.887 -> 1,1,1,-1425,2,-1614,3,-54
16:51:13.060 -> 1,1,1,-1433,2,-1628,3,-71
16:51:13.128 -> 1,1,1,-1443,2,-1627,3,-51
16:51:13.197 -> 1,1,1,-1442,2,-1621,3,-49
16:51:13.334 -> 1,1,1,-1435,2,-1654,3,-46
16:51:13.402 -> 1,1,1,-1431,2,-1670,3,-47
16:51:13.471 -> 1,1,1,-1446,2,-1647,3,-73
16:51:13.539 -> 1,1,1,-1433,2,-1615,3,-31
16:51:13.607 -> 1,1,1,-1446,2,-1627,3,-61
16:51:13.710 -> 1,1,1,-1446,2,-1626,3,-72
16:51:13.780 -> 1,1,1,-1427,2,-1627,3,-40
16:51:13.848 -> 1,1,1,-1428,2,-1616,3,-27
16:51:13.916 -> 1,1,1,-1435,2,-1633,3,-60
16:51:13.985 -> 1,1,1,-1444,2,-1613,3,-65
16:51:14.123 -> 1,1,1,-1449,2,-1656,3,-68
16:51:14.192 -> 1,1,1,-1440,2,-1619,3,-32
16:51:14.261 -> 1,1,1,-1434,2,-1664,3,-51
16:51:14.329 -> 1,1,1,-1470,2,-1678,3,-98
16:51:14.398 -> 1,1,1,-1428,2,-1636,3,-53
16:51:14.501 -> 1,1,1,-1438,2,-1624,3,-53
16:51:14.570 -> 1,1,1,-1440,2,-1620,3,-48
16:51:14.639 -> 1,1,1,-1436,2,-1623,3,-42
16:51:14.708 -> 1,1,1,-1441,2,-1640,3,-75
16:51:14.776 -> 1,1,1,-1428,2,-1609,3,-46
16:51:14.914 -> 1,1,1,-1461,2,-1641,3,-75
16:51:14.982 -> 1,1,1,-1420,2,-1609,3,-52
16:51:15.050 -> 1,1,1,-1432,2,-1608,3,-11
16:51:15.119 -> 1,1,1,-1461,2,-1651,3,-73
16:51:15.188 -> 1,1,1,-1439,2,-1650,3,-78
16:51:15.290 -> 1,1,1,-1428,2,-1612,3,-47
16:51:15.359 -> 1,1,1,-1449,2,-1640,3,-79
16:51:15.427 -> 1,1,1,-1439,2,-1648,3,-34
16:51:15.497 -> 1,1,1,-1439,2,-1628,3,-26
16:51:15.565 -> 1,1,1,-1450,2,-1629,3,-53
16:51:15.772 -> 1,1,1,-1454,2,-1628,3,-43
16:51:15.840 -> 1,1,1,-1431,2,-1628,3,-74
16:51:15.908 -> 1,1,1,-1441,2,-1647,3,-71
16:51:15.977 -> 1,1,1,-1448,2,-1632,3,-46
16:51:16.080 -> 1,1,1,-1446,2,-1620,3,-51
16:51:16.149 -> 1,1,1,-1457,2,-1639,3,-67
16:51:16.252 -> 1,1,1,-1425,2,-1581,3,-74
16:51:16.423 -> 1,1,1,-1420,2,-1603,3,-53
16:51:16.490 -> 1,1,1,-1427,2,-1578,3,-55
16:51:16.593 -> 1,1,1,-1431,2,-1571,3,-24
16:51:16.696 -> 1,1,1,-1439,2,-1579,3,-51
16:51:16.764 -> 1,1,1,-1435,2,-1614,3,-41
16:51:16.832 -> 1,1,1,-1427,2,-1601,3,-33
16:51:16.902 -> 1,1,1,-1421,2,-1592,3,-56
16:51:17.005 -> 1,1,1,-1448,2,-1620,3,-62
16:51:17.074 -> 1,1,1,-1432,2,-1581,3,-42
16:51:17.143 -> 1,1,1,-1422,2,-1593,3,-41
16:51:17.212 -> 1,1,1,-1430,2,-1588,3,-50
16:51:17.280 -> 1,1,1,-1431,2,-1606,3,-39
16:51:17.383 -> 1,1,1,-1453,2,-1611,3,-52
16:51:17.451 -> 1,1,1,-1428,2,-1605,3,-63
16:51:17.553 -> 1,1,1,-1439,2,-1608,3,-56
16:51:17.621 -> 1,1,1,-1444,2,-1612,3,-58
16:51:17.689 -> 1,1,1,-1442,2,-1590,3,-68
16:51:17.792 -> 1,1,1,-1447,2,-1600,3,-52
16:51:17.861 -> 1,1,1,-1430,2,-1594,3,-50
16:51:17.931 -> 1,1,1,-1442,2,-1595,3,-67
16:51:18.000 -> 1,1,1,-1456,2,-1646,3,-67
16:51:18.070 -> 1,1,1,-1430,2,-1579,3,-42
16:51:18.172 -> 1,1,1,-1417,2,-1588,3,-51
16:51:18.241 -> 1,1,1,-1419,2,-1581,3,-46
16:51:18.344 -> 1,1,1,-1433,2,-1591,3,-48
16:51:18.413 -> 1,1,1,-1445,2,-1608,3,-70
16:51:18.481 -> 1,1,1,-1439,2,-1602,3,-67
16:51:18.584 -> 1,1,1,-1463,2,-1647,3,-100
16:51:18.653 -> 1,1,1,-1425,2,-1590,3,-53
16:51:18.722 -> 1,1,1,-1446,2,-1597,3,-74
16:51:18.790 -> 1,1,1,-1426,2,-1572,3,-65
16:51:18.858 -> 1,1,1,-1429,2,-1577,3,-57
16:51:18.961 -> 1,1,1,-1440,2,-1579,3,-54
16:51:19.030 -> 1,1,1,-1441,2,-1614,3,-84
16:51:19.100 -> 1,1,1,-1445,2,-1599,3,-67
16:51:19.203 -> 1,1,1,-1430,2,-1577,3,-31
16:51:19.273 -> 1,1,1,-1446,2,-1613,3,-77
16:51:19.377 -> 1,1,1,-1440,2,-1596,3,-66
16:51:19.447 -> 1,1,1,-1433,2,-1581,3,-44
16:51:19.515 -> 1,1,1,-1424,2,-1611,3,-65
16:51:19.618 -> 1,1,1,-1456,2,-1652,3,-83
16:51:19.790 -> 1,1,1,-1421,2,-1615,3,-74
16:51:19.894 -> 1,1,1,-1428,2,-1618,3,-33
16:51:19.963 -> 1,1,1,-1441,2,-1628,3,-65
16:51:20.032 -> 1,1,1,-1431,2,-1629,3,-55
16:51:20.101 -> 1,1,1,-1430,2,-1637,3,-71
16:51:20.169 -> 1,1,1,-1451,2,-1641,3,-99
16:51:20.307 -> 1,1,1,-1452,2,-1635,3,-72
16:51:20.375 -> 1,1,1,-1447,2,-1634,3,-78
16:51:20.446 -> 1,1,1,-1439,2,-1640,3,-55
16:51:20.515 -> 1,1,1,-1441,2,-1643,3,-67
16:51:20.583 -> 1,1,1,-1438,2,-1638,3,-60
16:51:20.687 -> 1,1,1,-1439,2,-1626,3,-64
16:51:20.755 -> 1,1,1,-1434,2,-1624,3,-67
16:51:20.824 -> 1,1,1,-1452,2,-1653,3,-66
16:51:20.893 -> 1,1,1,-1439,2,-1633,3,-66
16:51:20.960 -> 1,1,1,-1446,2,-1624,3,-67
16:51:21.063 -> 1,1,1,-1443,2,-1625,3,-65
16:51:21.167 -> 1,1,1,-1434,2,-1633,3,-65
16:51:21.235 -> 1,1,1,-1442,2,-1666,3,-74
16:51:21.304 -> 1,1,1,-1449,2,-1628,3,-85
16:51:21.373 -> 1,1,1,-1435,2,-1645,3,-60
16:51:21.478 -> 1,1,1,-1450,2,-1641,3,-100
16:51:21.547 -> 1,1,1,-1427,2,-1638,3,-55
16:51:21.617 -> 1,1,1,-1455,2,-1688,3,-97
16:51:21.685 -> 1,1,1,-1459,2,-1638,3,-87
16:51:21.755 -> 1,1,1,-1448,2,-1644,3,-70
16:51:21.860 -> 1,1,1,-1441,2,-1633,3,-61
16:51:21.928 -> 1,1,1,-1461,2,-1661,3,-91
16:51:21.996 -> 1,1,1,-1441,2,-1620,3,-57
16:51:22.098 -> 1,1,1,-1468,2,-1686,3,-99
16:51:22.168 -> 1,1,1,-1438,2,-1632,3,-74
16:51:22.271 -> 1,1,1,-1445,2,-1644,3,-62
16:51:22.338 -> 1,1,1,-1427,2,-1616,3,-62
16:51:22.407 -> 1,1,1,-1445,2,-1648,3,-94
16:51:22.477 -> 1,1,1,-1439,2,-1666,3,-68
16:51:22.545 -> 1,1,1,-1450,2,-1655,3,-58
16:51:22.648 -> 1,1,1,-1447,2,-1655,3,-105
16:51:22.716 -> 1,1,1,-1434,2,-1620,3,-58
16:51:22.784 -> 1,1,1,-1452,2,-1633,3,-91
16:51:22.887 -> 1,1,1,-1444,2,-1648,3,-79
16:51:22.990 -> 1,1,1,-1448,2,-1636,3,-77
16:51:23.195 -> 1,1,1,-1461,2,-1649,3,-61
16:51:23.264 -> 1,1,1,-1434,2,-1620,3,-45
16:51:23.332 -> 1,1,1,-1445,2,-1642,3,-65
16:51:23.400 -> 1,1,1,-1445,2,-1633,3,-62
16:51:23.470 -> 1,1,1,-1434,2,-1618,3,-62
16:51:23.574 -> 1,1,1,-1448,2,-1638,3,-95
16:51:23.642 -> 1,1,1,-1441,2,-1626,3,-78
16:51:23.711 -> 1,1,1,-1430,2,-1618,3,-70
16:51:23.780 -> 1,1,1,-1436,2,-1626,3,-45
16:51:23.883 -> 1,1,1,-1448,2,-1645,3,-84
16:51:23.985 -> 1,1,1,-1439,2,-1624,3,-54
16:51:24.053 -> 1,1,1,-1432,2,-1619,3,-84
16:51:24.122 -> 1,1,1,-1435,2,-1640,3,-57
16:51:24.189 -> 1,1,1,-1448,2,-1646,3,-48
16:51:24.259 -> 1,1,1,-1442,2,-1643,3,-39
16:51:24.362 -> 1,1,1,-1429,2,-1632,3,-85
16:51:24.428 -> 1,1,1,-1435,2,-1628,3,-70
16:51:24.497 -> 1,1,1,-1445,2,-1603,3,-63
16:51:24.600 -> 1,1,1,-1439,2,-1634,3,-71
16:51:24.669 -> 1,1,1,-1421,2,-1609,3,-36
16:51:24.773 -> 1,1,1,-1432,2,-1616,3,-66
16:51:24.841 -> 1,1,1,-1436,2,-1648,3,-68
16:51:24.908 -> 1,1,1,-1438,2,-1630,3,-62
16:51:24.977 -> 1,1,1,-1433,2,-1618,3,-57
16:51:25.045 -> 1,1,1,-1428,2,-1626,3,-61
16:51:25.147 -> 1,1,1,-1423,2,-1627,3,-52
16:51:25.214 -> 1,1,1,-1432,2,-1623,3,-44
16:51:25.316 -> 1,1,1,-1432,2,-1621,3,-79
16:51:25.384 -> 1,1,1,-1426,2,-1597,3,-58
16:51:25.453 -> 1,1,1,-1431,2,-1617,3,-58
16:51:25.557 -> 1,1,1,-1449,2,-1644,3,-74
16:51:25.625 -> 1,1,1,-1435,2,-1629,3,-69
16:51:25.695 -> 1,1,1,-1454,2,-1623,3,-74
16:51:25.763 -> 1,1,1,-1436,2,-1655,3,-77
16:51:25.831 -> 1,1,1,-1440,2,-1647,3,-93
16:51:25.934 -> 1,1,1,-1431,2,-1622,3,-64
16:51:26.003 -> 1,1,1,-1444,2,-1648,3,-94
16:51:26.106 -> 1,1,1,-1441,2,-1647,3,-66
16:51:26.174 -> 1,1,1,-1449,2,-1640,3,-102
16:51:26.242 -> 1,1,1,-1442,2,-1637,3,-86
16:51:26.381 -> 1,1,1,-1436,2,-1620,3,-16
16:51:26.552 -> 1,1,1,-1424,2,-1649,3,-44
16:51:26.620 -> 1,1,1,-1431,2,-1611,3,-50
16:51:26.689 -> 1,1,1,-1447,2,-1631,3,-32
16:51:26.758 -> 1,1,1,-1430,2,-1629,3,-44
16:51:26.863 -> 1,1,1,-1418,2,-1593,3,-44
16:51:26.930 -> 1,1,1,-1419,2,-1620,3,-30
16:51:26.998 -> 1,1,1,-1414,2,-1609,3,-18
16:51:27.068 -> 1,1,1,-1434,2,-1620,3,-25
16:51:27.170 -> 1,1,1,-1419,2,-1612,3,-23
16:51:27.272 -> 1,1,1,-1444,2,-1636,3,-44
16:51:27.340 -> 1,1,1,-1440,2,-1629,3,-41
16:51:27.409 -> 1,1,1,-1445,2,-1639,3,-34
16:51:27.476 -> 1,1,1,-1430,2,-1624,3,-35
16:51:27.545 -> 1,1,1,-1455,2,-1640,3,-55
16:51:27.647 -> 1,1,1,-1432,2,-1615,3,-49
16:51:27.715 -> 1,1,1,-1430,2,-1641,3,-66
16:51:27.818 -> 1,1,1,-1445,2,-1624,3,-46
16:51:27.888 -> 1,1,1,-1428,2,-1622,3,-31
16:51:27.956 -> 1,1,1,-1444,2,-1643,3,-59
16:51:28.058 -> 1,1,1,-1437,2,-1644,3,-48
16:51:28.126 -> 1,1,1,-1428,2,-1603,3,-43
16:51:28.195 -> 1,1,1,-1429,2,-1615,3,-37
16:51:28.265 -> 1,1,1,-1442,2,-1636,3,-74
16:51:28.332 -> 1,1,1,-1463,2,-1642,3,-70
16:51:28.435 -> 1,1,1,-1415,2,-1619,3,-36
16:51:28.503 -> 1,1,1,-1436,2,-1621,3,-42
16:51:28.607 -> 1,1,1,-1438,2,-1641,3,-51
16:51:28.676 -> 1,1,1,-1429,2,-1628,3,-40
16:51:28.744 -> 1,1,1,-1447,2,-1652,3,-64
16:51:28.847 -> 1,1,1,-1428,2,-1609,3,-18
16:51:28.916 -> 1,1,1,-1439,2,-1637,3,-35
16:51:28.985 -> 1,1,1,-1421,2,-1617,3,-18
16:51:29.055 -> 1,1,1,-1426,2,-1627,3,-39
16:51:29.125 -> 1,1,1,-1429,2,-1624,3,-58
16:51:29.230 -> 1,1,1,-1451,2,-1629,3,-52
16:51:29.300 -> 1,1,1,-1437,2,-1618,3,-36
16:51:29.368 -> 1,1,1,-1443,2,-1624,3,-49
16:51:29.437 -> 1,1,1,-1429,2,-1614,3,-23
16:51:29.538 -> 1,1,1,-1438,2,-1654,3,-46
16:51:29.643 -> 1,1,1,-1444,2,-1629,3,-60
16:51:29.746 -> 1,1,1,-1420,2,-1635,3,-72
16:51:29.916 -> 1,1,1,-1424,2,-1618,3,-78
16:51:29.985 -> 1,1,1,-1445,2,-1628,3,-51
16:51:30.053 -> 1,1,1,-1433,2,-1640,3,-74
16:51:30.157 -> 1,1,1,-1435,2,-1638,3,-70
16:51:30.224 -> 1,1,1,-1430,2,-1616,3,-58
16:51:30.291 -> 1,1,1,-1445,2,-1597,3,-48
16:51:30.358 -> 1,1,1,-1436,2,-1619,3,-50
16:51:30.460 -> 1,1,1,-1425,2,-1629,3,-58
16:51:30.561 -> 1,1,1,-1422,2,-1626,3,-46
16:51:30.629 -> 1,1,1,-1446,2,-1633,3,-83
16:51:30.696 -> 1,1,1,-1445,2,-1633,3,-68
16:51:30.765 -> 1,1,1,-1429,2,-1608,3,-59
16:51:30.834 -> 1,1,1,-1429,2,-1617,3,-35
16:51:30.936 -> 1,1,1,-1430,2,-1668,3,-48
16:51:31.005 -> 1,1,1,-1432,2,-1637,3,-68
16:51:31.106 -> 1,1,1,-1400,2,-1622,3,-38
16:51:31.175 -> 1,1,1,-1429,2,-1636,3,-41
16:51:31.244 -> 1,1,1,-1428,2,-1618,3,-63
16:51:31.346 -> 1,1,1,-1440,2,-1618,3,-56
16:51:31.415 -> 1,1,1,-1434,2,-1609,3,-67
16:51:31.485 -> 1,1,1,-1452,2,-1637,3,-67
16:51:31.554 -> 1,1,1,-1434,2,-1636,3,-50
16:51:31.622 -> 1,1,1,-1430,2,-1627,3,-39
16:51:31.725 -> 1,1,1,-1440,2,-1633,3,-48
16:51:31.794 -> 1,1,1,-1440,2,-1649,3,-100
16:51:31.895 -> 1,1,1,-1419,2,-1617,3,-58
16:51:31.965 -> 1,1,1,-1427,2,-1630,3,-49
16:51:32.033 -> 1,1,1,-1434,2,-1613,3,-67
16:51:32.134 -> 1,1,1,-1453,2,-1649,3,-69
16:51:32.204 -> 1,1,1,-1434,2,-1623,3,-37
16:51:32.273 -> 1,1,1,-1440,2,-1650,3,-67
16:51:32.341 -> 1,1,1,-1419,2,-1636,3,-51
16:51:32.411 -> 1,1,1,-1438,2,-1647,3,-81
16:51:32.514 -> 1,1,1,-1422,2,-1621,3,-52
16:51:32.580 -> 1,1,1,-1430,2,-1605,3,-48
16:51:32.684 -> 1,1,1,-1432,2,-1614,3,-65
16:51:32.752 -> 1,1,1,-1421,2,-1644,3,-42
16:51:32.821 -> 1,1,1,-1426,2,-1621,3,-43
16:51:32.924 -> 1,1,1,-1425,2,-1613,3,-59
16:51:33.097 -> 1,1,1,-1422,2,-1607,3,-61
16:51:33.268 -> 1,1,1,-1460,2,-1658,3,-75
16:51:33.338 -> 1,1,1,-1431,2,-1638,3,-65
16:51:33.442 -> 1,1,1,-1430,2,-1623,3,-67
16:51:33.511 -> 1,1,1,-1416,2,-1623,3,-51
16:51:33.580 -> 1,1,1,-1429,2,-1635,3,-56
16:51:33.648 -> 1,1,1,-1428,2,-1644,3,-58
16:51:33.750 -> 1,1,1,-1433,2,-1650,3,-60
16:51:33.852 -> 1,1,1,-1425,2,-1621,3,-57
16:51:33.921 -> 1,1,1,-1442,2,-1634,3,-74
16:51:33.988 -> 1,1,1,-1424,2,-1608,3,-51
16:51:34.057 -> 1,1,1,-1433,2,-1643,3,-59
16:51:34.125 -> 1,1,1,-1415,2,-1615,3,-56
16:51:34.229 -> 1,1,1,-1452,2,-1663,3,-81
16:51:34.297 -> 1,1,1,-1444,2,-1641,3,-76
16:51:34.367 -> 1,1,1,-1437,2,-1629,3,-58
16:51:34.436 -> 1,1,1,-1437,2,-1632,3,-71
16:51:34.539 -> 1,1,1,-1439,2,-1613,3,-64
16:51:34.641 -> 1,1,1,-1438,2,-1644,3,-71
16:51:34.710 -> 1,1,1,-1426,2,-1621,3,-37
16:51:34.779 -> 1,1,1,-1457,2,-1659,3,-64
16:51:34.917 -> 1,1,1,-1428,2,-1626,3,-72
16:51:35.020 -> 1,1,1,-1455,2,-1661,3,-83
16:51:35.225 -> 1,1,1,-1430,2,-1622,3,-63
16:51:35.329 -> 1,1,1,-1445,2,-1628,3,-85
16:51:35.431 -> 1,1,1,-1432,2,-1622,3,-63
16:51:35.500 -> 1,1,1,-1436,2,-1628,3,-69
16:51:35.568 -> 1,1,1,-1430,2,-1651,3,-84
16:51:35.637 -> 1,1,1,-1441,2,-1642,3,-57
16:51:35.704 -> 1,1,1,-1441,2,-1622,3,-82
16:51:35.807 -> 1,1,1,-1416,2,-1634,3,-64
16:51:35.875 -> 1,1,1,-1426,2,-1645,3,-52
16:51:35.945 -> 1,1,1,-1439,2,-1622,3,-50
16:51:36.013 -> 1,1,1,-1429,2,-1615,3,-74
16:51:36.115 -> 1,1,1,-1458,2,-1653,3,-98
16:51:36.217 -> 1,1,1,-1448,2,-1624,3,-69
16:51:36.285 -> 1,1,1,-1430,2,-1611,3,-28
16:51:36.355 -> 1,1,1,-1442,2,-1635,3,-75
16:51:36.456 -> 1,1,1,-1444,2,-1658,3,-63
16:51:36.628 -> 1,1,1,-1399,2,-1635,3,-29
16:51:36.731 -> 1,1,1,-1444,2,-1642,3,-56
16:51:36.800 -> 1,1,1,-1426,2,-1655,3,-47
16:51:36.869 -> 1,1,1,-1434,2,-1622,3,-55
16:51:36.938 -> 1,1,1,-1429,2,-1643,3,-65
16:51:37.006 -> 1,1,1,-1433,2,-1657,3,-66
16:51:37.144 -> 1,1,1,-1448,2,-1643,3,-62
16:51:37.213 -> 1,1,1,-1448,2,-1661,3,-77
16:51:37.281 -> 1,1,1,-1444,2,-1654,3,-74
16:51:37.350 -> 1,1,1,-1421,2,-1656,3,-63
16:51:37.420 -> 1,1,1,-1432,2,-1646,3,-57
16:51:37.523 -> 1,1,1,-1425,2,-1646,3,-44
16:51:37.591 -> 1,1,1,-1426,2,-1637,3,-37
16:51:37.660 -> 1,1,1,-1440,2,-1668,3,-65
16:51:37.728 -> 1,1,1,-1439,2,-1655,3,-58
16:51:37.796 -> 1,1,1,-1411,2,-1631,3,-58
16:51:37.933 -> 1,1,1,-1425,2,-1639,3,-55
16:51:38.002 -> 1,1,1,-1437,2,-1650,3,-30
16:51:38.070 -> 1,1,1,-1430,2,-1648,3,-57
16:51:38.138 -> 1,1,1,-1448,2,-1654,3,-51
16:51:38.207 -> 1,1,1,-1436,2,-1658,3,-53
16:51:38.311 -> 1,1,1,-1442,2,-1636,3,-29
16:51:38.378 -> 1,1,1,-1408,2,-1655,3,-44
16:51:38.448 -> 1,1,1,-1434,2,-1655,3,-61
16:51:38.516 -> 1,1,1,-1445,2,-1667,3,-60
16:51:38.585 -> 1,1,1,-1434,2,-1643,3,-68
16:51:38.721 -> 1,1,1,-1446,2,-1658,3,-58
16:51:38.790 -> 1,1,1,-1422,2,-1641,3,-51
16:51:38.859 -> 1,1,1,-1441,2,-1636,3,-44
16:51:38.927 -> 1,1,1,-1424,2,-1631,3,-71
16:51:38.997 -> 1,1,1,-1436,2,-1655,3,-71
16:51:39.102 -> 1,1,1,-1439,2,-1626,3,-52
16:51:39.169 -> 1,1,1,-1441,2,-1664,3,-69
16:51:39.239 -> 1,1,1,-1436,2,-1650,3,-73
16:51:39.308 -> 1,1,1,-1442,2,-1648,3,-46
16:51:39.377 -> 1,1,1,-1430,2,-1681,3,-71
16:51:39.512 -> 1,1,1,-1439,2,-1644,3,-59
16:51:39.581 -> 1,1,1,-1455,2,-1657,3,-82
16:51:39.650 -> 1,1,1,-1425,2,-1634,3,-46
16:51:39.717 -> 1,1,1,-1425,2,-1635,3,-41
16:51:39.821 -> 1,1,1,-1439,2,-1616,3,-74
16:51:40.028 -> 1,1,1,-1457,2,-1654,3,-92
16:51:40.097 -> 1,1,1,-1433,2,-1606,3,-77
16:51:40.165 -> 1,1,1,-1429,2,-1612,3,-55
16:51:40.232 -> 1,1,1,-1440,2,-1620,3,-62
16:51:40.302 -> 1,1,1,-1444,2,-1645,3,-93
16:51:40.405 -> 1,1,1,-1456,2,-1620,3,-96
16:51:40.475 -> 1,1,1,-1436,2,-1611,3,-84
16:51:40.544 -> 1,1,1,-1454,2,-1644,3,-76
16:51:40.647 -> 1,1,1,-1439,2,-1652,3,-86
16:51:40.715 -> 1,1,1,-1429,2,-1612,3,-50
16:51:40.816 -> 1,1,1,-1432,2,-1607,3,-76
16:51:40.884 -> 1,1,1,-1446,2,-1634,3,-85
16:51:40.950 -> 1,1,1,-1434,2,-1640,3,-64
16:51:41.018 -> 1,1,1,-1448,2,-1636,3,-92
16:51:41.087 -> 1,1,1,-1448,2,-1636,3,-73
16:51:41.223 -> 1,1,1,-1439,2,-1646,3,-68
16:51:41.292 -> 1,1,1,-1420,2,-1629,3,-67
16:51:41.359 -> 1,1,1,-1445,2,-1644,3,-68
16:51:41.428 -> 1,1,1,-1427,2,-1626,3,-67
16:51:41.496 -> 1,1,1,-1421,2,-1636,3,-39
16:51:41.599 -> 1,1,1,-1426,2,-1628,3,-72
16:51:41.667 -> 1,1,1,-1458,2,-1642,3,-102
16:51:41.735 -> 1,1,1,-1432,2,-1623,3,-58
16:51:41.804 -> 1,1,1,-1420,2,-1611,3,-67
16:51:41.872 -> 1,1,1,-1436,2,-1620,3,-86
16:51:42.007 -> 1,1,1,-1432,2,-1615,3,-83
16:51:42.076 -> 1,1,1,-1439,2,-1604,3,-65
16:51:42.145 -> 1,1,1,-1432,2,-1625,3,-46
16:51:42.214 -> 1,1,1,-1419,2,-1629,3,-60
16:51:42.283 -> 1,1,1,-1441,2,-1646,3,-87
16:51:42.385 -> 1,1,1,-1441,2,-1613,3,-104
16:51:42.453 -> 1,1,1,-1449,2,-1632,3,-72
16:51:42.522 -> 1,1,1,-1440,2,-1617,3,-50
16:51:42.590 -> 1,1,1,-1452,2,-1635,3,-108
16:51:42.659 -> 1,1,1,-1446,2,-1639,3,-81
16:51:42.796 -> 1,1,1,-1440,2,-1648,3,-77
16:51:42.864 -> 1,1,1,-1459,2,-1642,3,-79
16:51:42.931 -> 1,1,1,-1446,2,-1623,3,-71
16:51:43.000 -> 1,1,1,-1432,2,-1624,3,-89
16:51:43.068 -> 1,1,1,-1432,2,-1624,3,-53
16:51:43.204 -> 1,1,1,-1441,2,-1637,3,-57
16:51:43.374 -> 1,1,1,-1439,2,-1623,3,-72
16:51:43.442 -> 1,1,1,-1439,2,-1670,3,-55
16:51:43.511 -> 1,1,1,-1445,2,-1649,3,-65
16:51:43.613 -> 1,1,1,-1424,2,-1642,3,-28
16:51:43.715 -> 1,1,1,-1442,2,-1656,3,-58
16:51:43.785 -> 1,1,1,-1427,2,-1630,3,-62
16:51:43.852 -> 1,1,1,-1436,2,-1633,3,-68
16:51:43.920 -> 1,1,1,-1426,2,-1640,3,-49
16:51:43.989 -> 1,1,1,-1428,2,-1653,3,-50
16:51:44.091 -> 1,1,1,-1441,2,-1670,3,-59
16:51:44.160 -> 1,1,1,-1444,2,-1635,3,-46
16:51:44.228 -> 1,1,1,-1433,2,-1641,3,-49
16:51:44.332 -> 1,1,1,-1437,2,-1674,3,-56
16:51:44.400 -> 1,1,1,-1467,2,-1673,3,-63
16:51:44.503 -> 1,1,1,-1432,2,-1628,3,-54
16:51:44.570 -> 1,1,1,-1453,2,-1658,3,-72
16:51:44.638 -> 1,1,1,-1444,2,-1652,3,-54
16:51:44.707 -> 1,1,1,-1431,2,-1632,3,-72
16:51:44.776 -> 1,1,1,-1427,2,-1649,3,-42
16:51:44.880 -> 1,1,1,-1426,2,-1640,3,-55
16:51:44.949 -> 1,1,1,-1446,2,-1677,3,-80
16:51:45.018 -> 1,1,1,-1448,2,-1642,3,-78
16:51:45.088 -> 1,1,1,-1424,2,-1625,3,-58
16:51:45.189 -> 1,1,1,-1437,2,-1641,3,-29
16:51:45.292 -> 1,1,1,-1443,2,-1635,3,-79
16:51:45.360 -> 1,1,1,-1456,2,-1666,3,-77
16:51:45.430 -> 1,1,1,-1458,2,-1673,3,-87
16:51:45.499 -> 1,1,1,-1433,2,-1640,3,-61
16:51:45.568 -> 1,1,1,-1449,2,-1663,3,-62
16:51:45.673 -> 1,1,1,-1426,2,-1652,3,-49
16:51:45.742 -> 1,1,1,-1439,2,-1635,3,-53
16:51:45.812 -> 1,1,1,-1440,2,-1631,3,-70
16:51:45.881 -> 1,1,1,-1453,2,-1647,3,-78
16:51:45.948 -> 1,1,1,-1436,2,-1645,3,-82
16:51:46.086 -> 1,1,1,-1434,2,-1646,3,-57
16:51:46.155 -> 1,1,1,-1452,2,-1660,3,-66
16:51:46.224 -> 1,1,1,-1449,2,-1634,3,-60
16:51:46.292 -> 1,1,1,-1429,2,-1650,3,-49
16:51:46.360 -> 1,1,1,-1440,2,-1677,3,-69
16:51:46.464 -> 1,1,1,-1437,2,-1647,3,-86
16:51:46.568 -> 1,1,1,-1438,2,-1651,3,-24
16:51:46.739 -> 1,1,1,-1441,2,-1655,3,-65
16:51:46.809 -> 1,1,1,-1431,2,-1640,3,-34
16:51:46.878 -> 1,1,1,-1435,2,-1661,3,-75
16:51:46.980 -> 1,1,1,-1433,2,-1651,3,-61
16:51:47.050 -> 1,1,1,-1417,2,-1623,3,-37
16:51:47.152 -> 1,1,1,-1442,2,-1638,3,-57
16:51:47.220 -> 1,1,1,-1442,2,-1633,3,-40
16:51:47.289 -> 1,1,1,-1433,2,-1628,3,-57
16:51:47.392 -> 1,1,1,-1419,2,-1639,3,-47
16:51:47.460 -> 1,1,1,-1432,2,-1619,3,-47
16:51:47.528 -> 1,1,1,-1417,2,-1625,3,-51
16:51:47.597 -> 1,1,1,-1442,2,-1639,3,-65
16:51:47.666 -> 1,1,1,-1428,2,-1632,3,-72
16:51:47.767 -> 1,1,1,-1447,2,-1655,3,-93
16:51:47.837 -> 1,1,1,-1455,2,-1685,3,-57
16:51:47.940 -> 1,1,1,-1444,2,-1646,3,-40
16:51:48.008 -> 1,1,1,-1422,2,-1617,3,-56
16:51:48.077 -> 1,1,1,-1424,2,-1635,3,-53
16:51:48.178 -> 1,1,1,-1440,2,-1630,3,-50
16:51:48.247 -> 1,1,1,-1434,2,-1629,3,-39
16:51:48.316 -> 1,1,1,-1440,2,-1644,3,-72
16:51:48.383 -> 1,1,1,-1437,2,-1654,3,-51
16:51:48.451 -> 1,1,1,-1440,2,-1628,3,-48
16:51:48.554 -> 1,1,1,-1435,2,-1667,3,-57
16:51:48.655 -> 1,1,1,-1445,2,-1650,3,-68
16:51:48.725 -> 1,1,1,-1451,2,-1630,3,-42
16:51:48.794 -> 1,1,1,-1455,2,-1660,3,-81
16:51:48.863 -> 1,1,1,-1424,2,-1635,3,-41
16:51:48.964 -> 1,1,1,-1427,2,-1654,3,-50
16:51:49.034 -> 1,1,1,-1428,2,-1636,3,-68
16:51:49.103 -> 1,1,1,-1460,2,-1656,3,-98
16:51:49.172 -> 1,1,1,-1448,2,-1623,3,-76
16:51:49.242 -> 1,1,1,-1435,2,-1644,3,-67
16:51:49.345 -> 1,1,1,-1431,2,-1628,3,-59
16:51:49.415 -> 1,1,1,-1435,2,-1640,3,-51
16:51:49.517 -> 1,1,1,-1432,2,-1626,3,-47
16:51:49.584 -> 1,1,1,-1441,2,-1627,3,-47
16:51:49.652 -> 1,1,1,-1440,2,-1643,3,-68
16:51:49.755 -> 1,1,1,-1440,2,-1648,3,-44
16:51:49.822 -> 1,1,1,-1435,2,-1644,3,-60
16:51:49.925 -> 1,1,1,-1432,2,-1622,3,-56
16:51:50.093 -> 1,1,1,-1440,2,-1628,3,-53
16:51:50.160 -> 1,1,1,-1433,2,-1619,3,-23
16:51:50.298 -> 1,1,1,-1424,2,-1622,3,-48
16:51:50.366 -> 1,1,1,-1445,2,-1628,3,-75
16:51:50.433 -> 1,1,1,-1426,2,-1635,3,-58
16:51:50.501 -> 1,1,1,-1442,2,-1635,3,-54
16:51:50.569 -> 1,1,1,-1427,2,-1624,3,-27
16:51:50.673 -> 1,1,1,-1441,2,-1634,3,-46
16:51:50.741 -> 1,1,1,-1431,2,-1631,3,-51
16:51:50.810 -> 1,1,1,-1426,2,-1636,3,-44
16:51:50.878 -> 1,1,1,-1425,2,-1611,3,-55
16:51:50.947 -> 1,1,1,-1433,2,-1643,3,-59
16:51:51.085 -> 1,1,1,-1426,2,-1641,3,-42
16:51:51.155 -> 1,1,1,-1415,2,-1625,3,-32
16:51:51.224 -> 1,1,1,-1418,2,-1653,3,-41
16:51:51.292 -> 1,1,1,-1437,2,-1646,3,-59
16:51:51.360 -> 1,1,1,-1442,2,-1641,3,-87
16:51:51.465 -> 1,1,1,-1436,2,-1622,3,-72
16:51:51.533 -> 1,1,1,-1439,2,-1632,3,-70
16:51:51.602 -> 1,1,1,-1423,2,-1619,3,-44
16:51:51.672 -> 1,1,1,-1446,2,-1661,3,-27
16:51:51.742 -> 1,1,1,-1424,2,-1625,3,-56
16:51:51.844 -> 1,1,1,-1438,2,-1630,3,-46
16:51:51.913 -> 1,1,1,-1437,2,-1633,3,-67
16:51:52.017 -> 1,1,1,-1428,2,-1628,3,-74
16:51:52.087 -> 1,1,1,-1429,2,-1627,3,-50
16:51:52.155 -> 1,1,1,-1429,2,-1628,3,-58
16:51:52.256 -> 1,1,1,-1422,2,-1621,3,-74
16:51:52.325 -> 1,1,1,-1427,2,-1633,3,-60
16:51:52.393 -> 1,1,1,-1438,2,-1648,3,-60
16:51:52.463 -> 1,1,1,-1442,2,-1626,3,-49
16:51:52.531 -> 1,1,1,-1423,2,-1632,3,-53
16:51:52.635 -> 1,1,1,-1425,2,-1627,3,-59
16:51:52.704 -> 1,1,1,-1423,2,-1636,3,-40
16:51:52.774 -> 1,1,1,-1422,2,-1616,3,-58
16:51:52.876 -> 1,1,1,-1433,2,-1629,3,-56
16:51:52.945 -> 1,1,1,-1428,2,-1622,3,-63
16:51:53.046 -> 1,1,1,-1440,2,-1610,3,-43
16:51:53.114 -> 1,1,1,-1439,2,-1649,3,-71
16:51:53.182 -> 1,1,1,-1432,2,-1634,3,-66
16:51:53.284 -> 1,1,1,-1423,2,-1616,3,-47
16:51:53.456 -> 1,1,1,-1449,2,-1630,3,-69
16:51:53.560 -> 1,1,1,-1426,2,-1632,3,-54
16:51:53.629 -> 1,1,1,-1436,2,-1621,3,-42
16:51:53.699 -> 1,1,1,-1444,2,-1624,3,-49
16:51:53.768 -> 1,1,1,-1419,2,-1619,3,-51
16:51:53.872 -> 1,1,1,-1419,2,-1609,3,-34
16:51:53.975 -> 1,1,1,-1427,2,-1632,3,-55
16:51:54.044 -> 1,1,1,-1441,2,-1636,3,-29
16:51:54.113 -> 1,1,1,-1433,2,-1615,3,-32
16:51:54.181 -> 1,1,1,-1424,2,-1628,3,-18
16:51:54.250 -> 1,1,1,-1424,2,-1647,3,-37
16:51:54.353 -> 1,1,1,-1451,2,-1644,3,-63
16:51:54.421 -> 1,1,1,-1441,2,-1660,3,-49
16:51:54.489 -> 1,1,1,-1435,2,-1635,3,-38
16:51:54.557 -> 1,1,1,-1423,2,-1642,3,-71
16:51:54.660 -> 1,1,1,-1428,2,-1636,3,-64
16:51:54.763 -> 1,1,1,-1442,2,-1627,3,-51
16:51:54.832 -> 1,1,1,-1430,2,-1622,3,-52
16:51:54.901 -> 1,1,1,-1443,2,-1632,3,-70
16:51:54.969 -> 1,1,1,-1426,2,-1628,3,-39
16:51:55.037 -> 1,1,1,-1448,2,-1617,3,-51
16:51:55.141 -> 1,1,1,-1437,2,-1660,3,-31
16:51:55.210 -> 1,1,1,-1449,2,-1642,3,-74
16:51:55.278 -> 1,1,1,-1449,2,-1633,3,-70
16:51:55.347 -> 1,1,1,-1431,2,-1652,3,-55
16:51:55.415 -> 1,1,1,-1424,2,-1612,3,-51
16:51:55.554 -> 1,1,1,-1435,2,-1654,3,-37
16:51:55.622 -> 1,1,1,-1425,2,-1623,3,-53
16:51:55.689 -> 1,1,1,-1433,2,-1606,3,-18
16:51:55.826 -> 1,1,1,-1424,2,-1629,3,-46
16:51:55.930 -> 1,1,1,-1436,2,-1653,3,-47
16:51:55.999 -> 1,1,1,-1440,2,-1651,3,-50
16:51:56.066 -> 1,1,1,-1449,2,-1640,3,-64
16:51:56.135 -> 1,1,1,-1445,2,-1625,3,-38
16:51:56.205 -> 1,1,1,-1436,2,-1629,3,-58
16:51:56.343 -> 1,1,1,-1435,2,-1626,3,-44
16:51:56.412 -> 1,1,1,-1404,2,-1617,3,-36
16:51:56.482 -> 1,1,1,-1413,2,-1615,3,-33
16:51:56.550 -> 1,1,1,-1418,2,-1623,3,-37
16:51:56.653 -> 1,1,1,-1449,2,-1608,3,-51
16:51:56.859 -> 1,1,1,-1442,2,-1612,3,-62
16:51:56.928 -> 1,1,1,-1428,2,-1634,3,-62
16:51:56.997 -> 1,1,1,-1428,2,-1607,3,-40
16:51:57.065 -> 1,1,1,-1449,2,-1635,3,-54
16:51:57.134 -> 1,1,1,-1414,2,-1607,3,-67
16:51:57.236 -> 1,1,1,-1426,2,-1606,3,-63
16:51:57.338 -> 1,1,1,-1443,2,-1624,3,-38
16:51:57.406 -> 1,1,1,-1459,2,-1662,3,-78
16:51:57.474 -> 1,1,1,-1458,2,-1634,3,-54
16:51:57.783 -> 1,1,1,-1434,2,-1617,3,-39
16:51:57.852 -> 1,1,1,-1427,2,-1611,3,-38
16:51:57.919 -> 1,1,1,-1454,2,-1610,3,-75
16:51:58.054 -> 1,1,1,-1435,2,-1616,3,-66
16:51:58.123 -> 1,1,1,-1435,2,-1617,3,-78
16:51:58.192 -> 1,1,1,-1436,2,-1634,3,-63
16:51:58.260 -> 1,1,1,-1445,2,-1631,3,-50
16:51:58.329 -> 1,1,1,-1466,2,-1651,3,-72
16:51:58.432 -> 1,1,1,-1447,2,-1637,3,-34
16:51:58.499 -> 1,1,1,-1442,2,-1620,3,-55
16:51:58.567 -> 1,1,1,-1451,2,-1625,3,-62
16:51:58.637 -> 1,1,1,-1432,2,-1616,3,-52
16:51:58.706 -> 1,1,1,-1467,2,-1640,3,-57
16:51:58.841 -> 1,1,1,-1441,2,-1633,3,-66
16:51:58.910 -> 1,1,1,-1451,2,-1645,3,-66
16:51:58.980 -> 1,1,1,-1444,2,-1619,3,-53
16:51:59.049 -> 1,1,1,-1441,2,-1597,3,-52
16:51:59.119 -> 1,1,1,-1445,2,-1649,3,-60
16:51:59.224 -> 1,1,1,-1432,2,-1629,3,-77
16:51:59.293 -> 1,1,1,-1449,2,-1621,3,-64
16:51:59.362 -> 1,1,1,-1457,2,-1601,3,-54
16:51:59.430 -> 1,1,1,-1441,2,-1630,3,-77
16:51:59.498 -> 1,1,1,-1426,2,-1608,3,-60
16:51:59.602 -> 1,1,1,-1439,2,-1601,3,-54
16:51:59.704 -> 1,1,1,-1445,2,-1640,3,-58
16:51:59.772 -> 1,1,1,-1433,2,-1620,3,-67
16:51:59.842 -> 1,1,1,-1425,2,-1598,3,-58
16:51:59.912 -> 1,1,1,-1443,2,-1629,3,-57
16:52:00.048 -> 1,1,1,-1433,2,-1593,3,7
16:52:00.218 -> 1,1,1,-1443,2,-1622,3,-66
16:52:00.287 -> 1,1,1,-1441,2,-1602,3,-43
16:52:00.355 -> 1,1,1,-1430,2,-1609,3,-24
16:52:00.424 -> 1,1,1,-1446,2,-1596,3,-37
16:52:00.527 -> 1,1,1,-1431,2,-1607,3,-12
16:52:00.596 -> 1,1,1,-1456,2,-1636,3,-64
16:52:00.698 -> 1,1,1,-1444,2,-1600,3,-63
16:52:00.767 -> 1,1,1,-1427,2,-1601,3,-36
16:52:00.834 -> 1,1,1,-1467,2,-1649,3,-38
16:52:00.936 -> 1,1,1,-1436,2,-1600,3,-25
16:52:01.003 -> 1,1,1,-1438,2,-1597,3,-53
16:52:01.073 -> 1,1,1,-1447,2,-1596,3,-54
16:52:01.140 -> 1,1,1,-1444,2,-1622,3,-42
16:52:01.209 -> 1,1,1,-1458,2,-1627,3,-40
16:52:01.312 -> 1,1,1,-1444,2,-1623,3,-19
16:52:01.415 -> 1,1,1,-1448,2,-1616,3,-45
16:52:01.484 -> 1,1,1,-1432,2,-1607,3,-55
16:52:01.552 -> 1,1,1,-1450,2,-1628,3,-52
16:52:01.620 -> 1,1,1,-1415,2,-1617,3,-39
16:52:01.723 -> 1,1,1,-1425,2,-1592,3,-39
16:52:01.790 -> 1,1,1,-1432,2,-1593,3,-50
16:52:01.858 -> 1,1,1,-1445,2,-1615,3,-48
16:52:01.927 -> 1,1,1,-1443,2,-1613,3,-53
16:52:01.998 -> 1,1,1,-1441,2,-1606,3,-54
16:52:02.100 -> 1,1,1,-1450,2,-1624,3,-48
16:52:02.202 -> 1,1,1,-1444,2,-1594,3,-18
16:52:02.270 -> 1,1,1,-1446,2,-1604,3,-11
16:52:02.340 -> 1,1,1,-1441,2,-1609,3,-18
16:52:02.408 -> 1,1,1,-1448,2,-1640,3,-34
16:52:02.512 -> 1,1,1,-1434,2,-1628,3,-40
16:52:02.580 -> 1,1,1,-1427,2,-1586,3,-10
16:52:02.647 -> 1,1,1,-1448,2,-1625,3,-24
16:52:02.716 -> 1,1,1,-1433,2,-1622,3,-34
16:52:02.785 -> 1,1,1,-1432,2,-1640,3,-40
16:52:02.889 -> 1,1,1,-1452,2,-1599,3,-42
16:52:02.993 -> 1,1,1,-1451,2,-1613,3,-68
16:52:03.061 -> 1,1,1,-1444,2,-1610,3,-40
16:52:03.130 -> 1,1,1,-1436,2,-1618,3,-38
16:52:03.199 -> 1,1,1,-1451,2,-1628,3,-49
16:52:03.301 -> 1,1,1,-1446,2,-1619,3,-43
16:52:03.405 -> 1,1,1,-1442,2,-1640,3,-70
16:52:03.578 -> 1,1,1,-1429,2,-1611,3,-52
16:52:03.647 -> 1,1,1,-1422,2,-1611,3,-60
16:52:03.716 -> 1,1,1,-1442,2,-1626,3,-22
16:52:03.816 -> 1,1,1,-1441,2,-1636,3,-55
16:52:03.884 -> 1,1,1,-1470,2,-1639,3,-57
16:52:03.989 -> 1,1,1,-1442,2,-1615,3,-60
16:52:04.057 -> 1,1,1,-1426,2,-1593,3,-28
16:52:04.124 -> 1,1,1,-1436,2,-1612,3,-50
16:52:04.227 -> 1,1,1,-1441,2,-1607,3,-43
16:52:04.295 -> 1,1,1,-1447,2,-1613,3,-58
16:52:04.363 -> 1,1,1,-1424,2,-1618,3,-35
16:52:04.432 -> 1,1,1,-1427,2,-1599,3,-23
16:52:04.500 -> 1,1,1,-1432,2,-1616,3,-51
16:52:04.604 -> 1,1,1,-1432,2,-1633,3,-65
16:52:04.706 -> 1,1,1,-1445,2,-1638,3,-94
16:52:04.776 -> 1,1,1,-1435,2,-1644,3,-52
16:52:04.843 -> 1,1,1,-1436,2,-1638,3,-56
16:52:04.912 -> 1,1,1,-1421,2,-1633,3,-54
16:52:05.016 -> 1,1,1,-1452,2,-1663,3,-56
16:52:05.085 -> 1,1,1,-1456,2,-1619,3,-61
16:52:05.154 -> 1,1,1,-1431,2,-1623,3,-41
16:52:05.223 -> 1,1,1,-1430,2,-1615,3,-46
16:52:05.291 -> 1,1,1,-1450,2,-1645,3,-60
16:52:05.395 -> 1,1,1,-1451,2,-1653,3,-89
16:52:05.463 -> 1,1,1,-1460,2,-1670,3,-69
16:52:05.566 -> 1,1,1,-1443,2,-1652,3,-61
16:52:05.635 -> 1,1,1,-1429,2,-1636,3,-70
16:52:05.702 -> 1,1,1,-1438,2,-1628,3,-71
16:52:05.804 -> 1,1,1,-1416,2,-1608,3,-47
16:52:05.873 -> 1,1,1,-1446,2,-1677,3,-67
16:52:05.941 -> 1,1,1,-1471,2,-1631,3,-70
16:52:06.010 -> 1,1,1,-1434,2,-1618,3,-70
16:52:06.079 -> 1,1,1,-1436,2,-1643,3,-56
16:52:06.182 -> 1,1,1,-1441,2,-1648,3,-84
16:52:06.252 -> 1,1,1,-1426,2,-1606,3,-54
16:52:06.322 -> 1,1,1,-1421,2,-1629,3,-45
16:52:06.423 -> 1,1,1,-1447,2,-1628,3,-61
16:52:06.491 -> 1,1,1,-1426,2,-1624,3,-47
16:52:06.593 -> 1,1,1,-1431,2,-1627,3,-54
16:52:06.662 -> 1,1,1,-1432,2,-1645,3,-50
16:52:06.764 -> 1,1,1,-1412,2,-1623,3,-42
16:52:06.933 -> 1,1,1,-1427,2,-1611,3,-45
16:52:07.001 -> 1,1,1,-1457,2,-1635,3,-40
16:52:07.105 -> 1,1,1,-1424,2,-1618,3,-15
16:52:07.173 -> 1,1,1,-1431,2,-1603,3,-63
16:52:07.275 -> 1,1,1,-1424,2,-1630,3,-32
16:52:07.343 -> 1,1,1,-1424,2,-1597,3,-12
16:52:07.413 -> 1,1,1,-1438,2,-1635,3,-16
16:52:07.516 -> 1,1,1,-1421,2,-1634,3,-6
16:52:07.584 -> 1,1,1,-1441,2,-1626,3,-58
16:52:07.654 -> 1,1,1,-1444,2,-1643,3,-56
16:52:07.723 -> 1,1,1,-1428,2,-1626,3,-50
16:52:07.791 -> 1,1,1,-1425,2,-1602,3,-43
16:52:07.894 -> 1,1,1,-1436,2,-1617,3,-55
16:52:07.963 -> 1,1,1,-1449,2,-1636,3,-58
16:52:08.032 -> 1,1,1,-1440,2,-1668,3,-49
16:52:08.134 -> 1,1,1,-1440,2,-1638,3,-32
16:52:08.202 -> 1,1,1,-1432,2,-1612,3,-35
16:52:08.303 -> 1,1,1,-1438,2,-1642,3,-31
16:52:08.373 -> 1,1,1,-1442,2,-1618,3,-26
16:52:08.440 -> 1,1,1,-1438,2,-1630,3,-53
16:52:08.507 -> 1,1,1,-1439,2,-1636,3,-49
16:52:08.576 -> 1,1,1,-1454,2,-1638,3,-59
16:52:08.679 -> 1,1,1,-1426,2,-1616,3,-28
16:52:08.747 -> 1,1,1,-1452,2,-1640,3,-53
16:52:08.850 -> 1,1,1,-1436,2,-1659,3,-49
16:52:08.918 -> 1,1,1,-1454,2,-1640,3,-69
16:52:08.985 -> 1,1,1,-1447,2,-1656,3,-67
16:52:09.090 -> 1,1,1,-1430,2,-1613,3,-37
16:52:09.160 -> 1,1,1,-1424,2,-1634,3,-17
16:52:09.230 -> 1,1,1,-1444,2,-1618,3,-42
16:52:09.300 -> 1,1,1,-1427,2,-1632,3,-40
16:52:09.369 -> 1,1,1,-1422,2,-1618,3,-43
16:52:09.472 -> 1,1,1,-1449,2,-1627,3,-32
16:52:09.541 -> 1,1,1,-1428,2,-1622,3,-30
16:52:09.609 -> 1,1,1,-1422,2,-1625,3,-37
16:52:09.713 -> 1,1,1,-1454,2,-1643,3,-69
16:52:09.781 -> 1,1,1,-1439,2,-1622,3,-43
16:52:09.882 -> 1,1,1,-1439,2,-1658,3,-50
16:52:09.951 -> 1,1,1,-1431,2,-1633,3,-37
16:52:10.020 -> 1,1,1,-1425,2,-1633,3,-37
16:52:10.123 -> 1,1,1,-1429,2,-1632,3,-72
16:52:10.707 -> 1,1,1,-1430,2,-1614,3,-56
16:52:10.809 -> 1,1,1,-1430,2,-1626,3,-43
16:52:10.876 -> 1,1,1,-1427,2,-1629,3,-39
16:52:10.944 -> 1,1,1,-1458,2,-1648,3,-82
16:52:11.012 -> 1,1,1,-1438,2,-1608,3,-61
16:52:11.083 -> 1,1,1,-1432,2,-1622,3,-39
16:52:11.187 -> 1,1,1,-1451,2,-1627,3,-56
16:52:11.254 -> 1,1,1,-1442,2,-1654,3,-45
16:52:11.323 -> 1,1,1,-1437,2,-1635,3,-46
16:52:11.392 -> 1,1,1,-1437,2,-1634,3,-37
16:52:11.494 -> 1,1,1,-1438,2,-1636,3,-22
16:52:11.596 -> 1,1,1,-1424,2,-1617,3,-40
16:52:11.665 -> 1,1,1,-1432,2,-1608,3,-49
16:52:11.734 -> 1,1,1,-1448,2,-1657,3,-77
16:52:11.805 -> 1,1,1,-1434,2,-1641,3,-40
16:52:11.873 -> 1,1,1,-1430,2,-1633,3,-59
16:52:11.974 -> 1,1,1,-1429,2,-1618,3,-30
16:52:12.042 -> 1,1,1,-1433,2,-1605,3,-52
16:52:12.110 -> 1,1,1,-1445,2,-1614,3,-37
16:52:12.213 -> 1,1,1,-1423,2,-1607,3,-32
16:52:12.283 -> 1,1,1,-1423,2,-1609,3,-58
16:52:12.384 -> 1,1,1,-1441,2,-1632,3,-55
16:52:12.451 -> 1,1,1,-1432,2,-1611,3,-76
16:52:12.520 -> 1,1,1,-1445,2,-1658,3,-71
16:52:12.588 -> 1,1,1,-1425,2,-1622,3,-42
16:52:12.657 -> 1,1,1,-1433,2,-1624,3,-50
16:52:12.761 -> 1,1,1,-1444,2,-1628,3,-56
16:52:12.829 -> 1,1,1,-1436,2,-1617,3,-59
16:52:12.897 -> 1,1,1,-1432,2,-1620,3,-74
16:52:12.998 -> 1,1,1,-1428,2,-1603,3,-49
16:52:13.067 -> 1,1,1,-1428,2,-1610,3,-34
16:52:13.170 -> 1,1,1,-1440,2,-1625,3,-52
16:52:13.239 -> 1,1,1,-1433,2,-1626,3,-53
16:52:13.308 -> 1,1,1,-1433,2,-1638,3,-65
16:52:13.376 -> 1,1,1,-1433,2,-1609,3,-69
16:52:13.477 -> 1,1,1,-1423,2,-1610,3,-69
16:52:13.683 -> 1,1,1,-1429,2,-1635,3,-74
16:52:13.751 -> 1,1,1,-1431,2,-1631,3,-49
16:52:13.820 -> 1,1,1,-1416,2,-1591,3,-57
16:52:13.922 -> 1,1,1,-1421,2,-1608,3,-71
16:52:13.991 -> 1,1,1,-1436,2,-1614,3,-53
16:52:14.095 -> 1,1,1,-1439,2,-1605,3,-65
16:52:14.300 -> 1,1,1,-1446,2,-1633,3,-68
16:52:14.369 -> 1,1,1,-1441,2,-1611,3,-63
16:52:14.473 -> 1,1,1,-1449,2,-1623,3,-74
16:52:14.541 -> 1,1,1,-1423,2,-1597,3,-56
16:52:14.609 -> 1,1,1,-1421,2,-1617,3,-57
16:52:14.712 -> 1,1,1,-1434,2,-1621,3,-70
16:52:14.780 -> 1,1,1,-1450,2,-1648,3,-79
16:52:14.884 -> 1,1,1,-1429,2,-1625,3,-48
16:52:14.952 -> 1,1,1,-1436,2,-1635,3,-68
16:52:15.021 -> 1,1,1,-1427,2,-1601,3,-66
16:52:15.090 -> 1,1,1,-1428,2,-1643,3,-48
16:52:15.158 -> 1,1,1,-1447,2,-1610,3,-75
16:52:15.262 -> 1,1,1,-1439,2,-1620,3,-72
16:52:15.332 -> 1,1,1,-1426,2,-1632,3,-45
16:52:15.401 -> 1,1,1,-1436,2,-1627,3,-70
16:52:15.471 -> 1,1,1,-1431,2,-1588,3,-31
16:52:15.539 -> 1,1,1,-1421,2,-1608,3,-58
16:52:15.676 -> 1,1,1,-1438,2,-1615,3,-72
16:52:15.743 -> 1,1,1,-1432,2,-1613,3,-67
16:52:15.949 -> 1,1,1,-1437,2,-1635,3,-64
16:52:16.052 -> 1,1,1,-1447,2,-1619,3,-81
16:52:16.122 -> 1,1,1,-1434,2,-1612,3,-78
16:52:16.191 -> 1,1,1,-1437,2,-1620,3,-55
16:52:16.260 -> 1,1,1,-1433,2,-1617,3,-59
16:52:16.330 -> 1,1,1,-1425,2,-1606,3,-35
16:52:16.435 -> 1,1,1,-1425,2,-1631,3,-55
16:52:16.538 -> 1,1,1,-1440,2,-1603,3,-65
16:52:16.607 -> 1,1,1,-1451,2,-1622,3,-57
16:52:16.676 -> 1,1,1,-1411,2,-1605,3,-59
16:52:16.744 -> 1,1,1,-1425,2,-1600,3,-50
16:52:16.880 -> 1,1,1,-1464,2,-1667,3,-80
16:52:17.051 -> 1,1,1,-1452,2,-1651,3,-76
16:52:17.120 -> 1,1,1,-1428,2,-1633,3,-41
16:52:17.188 -> 1,1,1,-1436,2,-1645,3,-58
16:52:17.257 -> 1,1,1,-1435,2,-1628,3,-53
16:52:17.359 -> 1,1,1,-1429,2,-1642,3,-42
16:52:17.460 -> 1,1,1,-1445,2,-1644,3,-42
16:52:17.507 -> 1,1,1,-1454,2,-1644,3,-54
16:52:17.596 -> 1,1,1,-1441,2,-1651,3,-66
16:52:17.663 -> 1,1,1,-1434,2,-1655,3,-76
16:52:17.765 -> 1,1,1,-1434,2,-1644,3,-66
16:52:17.833 -> 1,1,1,-1455,2,-1637,3,-59
16:52:17.901 -> 1,1,1,-1439,2,-1646,3,-62
16:52:17.968 -> 1,1,1,-1458,2,-1659,3,-65
16:52:18.068 -> 1,1,1,-1434,2,-1631,3,-60
16:52:18.170 -> 1,1,1,-1436,2,-1609,3,-38
16:52:18.239 -> 1,1,1,-1441,2,-1651,3,-75
16:52:18.306 -> 1,1,1,-1438,2,-1631,3,-37
16:52:18.374 -> 1,1,1,-1438,2,-1711,3,-65
16:52:18.441 -> 1,1,1,-1429,2,-1659,3,-42
16:52:18.541 -> 1,1,1,-1432,2,-1655,3,-45
16:52:18.645 -> 1,1,1,-1436,2,-1680,3,-52
16:52:18.712 -> 1,1,1,-1443,2,-1650,3,-70
16:52:18.781 -> 1,1,1,-1423,2,-1645,3,-48
16:52:18.848 -> 1,1,1,-1426,2,-1670,3,-52
16:52:18.950 -> 1,1,1,-1430,2,-1663,3,-56
16:52:19.086 -> 1,1,1,-1430,2,-1644,3,-33
16:52:19.154 -> 1,1,1,-1464,2,-1713,3,-85
16:52:19.250 -> 1,1,1,-1447,2,-1675,3,-78
16:52:19.358 -> 1,1,1,-1439,2,-1633,3,-75
16:52:19.427 -> 1,1,1,-1453,2,-1650,3,-81
16:52:19.494 -> 1,1,1,-1456,2,-1656,3,-108
16:52:19.562 -> 1,1,1,-1448,2,-1659,3,-66
16:52:19.631 -> 1,1,1,-1449,2,-1651,3,-93
16:52:19.732 -> 1,1,1,-1434,2,-1664,3,-58
16:52:19.800 -> 1,1,1,-1430,2,-1698,3,-75
16:52:19.937 -> 1,1,1,-1414,2,-1628,3,-81
16:52:20.039 -> 1,1,1,-1445,2,-1660,3,-76
16:52:20.139 -> 1,1,1,-1453,2,-1652,3,-70
16:52:20.241 -> 1,1,1,-1413,2,-1577,3,-21
16:52:20.410 -> 1,1,1,-1432,2,-1601,3,-21
16:52:20.479 -> 1,1,1,-1425,2,-1580,3,-29
16:52:20.547 -> 1,1,1,-1435,2,-1592,3,-64
16:52:20.650 -> 1,1,1,-1419,2,-1588,3,-33
16:52:20.718 -> 1,1,1,-1443,2,-1606,3,-49
16:52:20.820 -> 1,1,1,-1428,2,-1598,3,-33
16:52:20.888 -> 1,1,1,-1434,2,-1632,3,-41
16:52:20.957 -> 1,1,1,-1444,2,-1624,3,-24
16:52:21.057 -> 1,1,1,-1435,2,-1635,3,-40
16:52:21.125 -> 1,1,1,-1420,2,-1590,3,-26
16:52:21.191 -> 1,1,1,-1451,2,-1612,3,-43
16:52:21.259 -> 1,1,1,-1428,2,-1594,3,-23
16:52:21.327 -> 1,1,1,-1456,2,-1626,3,-63
16:52:21.463 -> 1,1,1,-1444,2,-1617,3,-60
16:52:21.533 -> 1,1,1,-1431,2,-1593,3,-29
16:52:21.600 -> 1,1,1,-1434,2,-1602,3,-34
16:52:21.668 -> 1,1,1,-1427,2,-1602,3,-40
16:52:21.736 -> 1,1,1,-1434,2,-1611,3,-45
16:52:21.838 -> 1,1,1,-1440,2,-1603,3,-48
16:52:21.907 -> 1,1,1,-1441,2,-1607,3,-59
16:52:21.976 -> 1,1,1,-1438,2,-1618,3,-42
16:52:22.045 -> 1,1,1,-1430,2,-1651,3,-50
16:52:22.145 -> 1,1,1,-1422,2,-1591,3,-37
16:52:22.248 -> 1,1,1,-1423,2,-1602,3,-23
16:52:22.316 -> 1,1,1,-1437,2,-1593,3,-62
16:52:22.385 -> 1,1,1,-1442,2,-1608,3,-39
16:52:22.454 -> 1,1,1,-1441,2,-1598,3,-50
16:52:22.523 -> 1,1,1,-1439,2,-1644,3,-35
16:52:22.626 -> 1,1,1,-1437,2,-1616,3,-62
16:52:22.695 -> 1,1,1,-1433,2,-1608,3,-52
16:52:22.762 -> 1,1,1,-1441,2,-1601,3,-31