16:48:05.087 -> 1,1,1,-313,2,-450,3,-97
16:48:05.193 -> 1,1,1,-306,2,-458,3,-97
16:48:05.262 -> 1,1,1,-298,2,-440,3,-93
16:48:05.329 -> 1,1,1,-318,2,-448,3,-73
16:48:05.397 -> 1,1,1,-320,2,-456,3,-79
16:48:05.465 -> 1,1,1,-310,2,-455,3,-90
16:48:05.566 -> 1,1,1,-298,2,-456,3,-45
16:48:05.634 -> 1,1,1,-327,2,-450,3,-99
16:48:05.735 -> 1,1,1,-315,2,-451,3,-73
16:48:05.803 -> 1,1,1,-314,2,-481,3,-94
16:48:05.873 -> 1,1,1,-311,2,-443,3,-78
16:48:05.977 -> 1,1,1,-325,2,-420,3,-95
16:48:06.045 -> 1,1,1,-311,2,-426,3,-77
16:48:06.114 -> 1,1,1,-302,2,-431,3,-76
16:48:06.182 -> 1,1,1,-311,2,-452,3,-95
16:48:06.250 -> 1,1,1,-306,2,-418,3,-71
16:48:06.353 -> 1,1,1,-315,2,-442,3,-97
16:48:06.421 -> 1,1,1,-303,2,-453,3,-102
16:48:06.524 -> 1,1,1,-315,2,-474,3,-90
16:48:06.591 -> 1,1,1,-313,2,-453,3,-92
16:48:06.660 -> 1,1,1,-311,2,-448,3,-111
16:48:06.763 -> 1,1,1,-323,2,-444,3,-97
16:48:06.830 -> 1,1,1,-323,2,-452,3,-82
16:48:06.898 -> 1,1,1,-323,2,-466,3,-79
16:48:06.968 -> 1,1,1,-293,2,-446,3,-85
16:48:07.035 -> 1,1,1,-320,2,-447,3,-86
16:48:07.139 -> 1,1,1,-310,2,-454,3,-114
16:48:07.240 -> 1,1,1,-314,2,-455,3,-94
16:48:07.306 -> 1,1,1,-328,2,-432,3,-73
16:48:07.374 -> 1,1,1,-294,2,-424,3,-66
16:48:07.443 -> 1,1,1,-323,2,-430,3,-88
16:48:07.544 -> 1,1,1,-307,2,-418,3,-89
16:48:07.646 -> 1,1,1,-306,2,-462,3,-98
16:48:07.816 -> 1,1,1,-304,2,-442,3,-102
16:48:07.883 -> 1,1,1,-303,2,-455,3,-99
16:48:07.952 -> 1,1,1,-298,2,-439,3,-95
16:48:08.089 -> 1,1,1,-309,2,-441,3,-89
16:48:08.157 -> 1,1,1,-299,2,-447,3,-103
16:48:08.226 -> 1,1,1,-321,2,-478,3,-92
16:48:08.294 -> 1,1,1,-294,2,-456,3,-83
16:48:08.363 -> 1,1,1,-309,2,-467,3,-97
16:48:08.465 -> 1,1,1,-291,2,-478,3,-94
16:48:08.532 -> 1,1,1,-316,2,-454,3,-113
16:48:08.602 -> 1,1,1,-295,2,-435,3,-100
16:48:08.671 -> 1,1,1,-310,2,-482,3,-102
16:48:08.773 -> 1,1,1,-317,2,-471,3,-77
16:48:08.876 -> 1,1,1,-310,2,-443,3,-66
16:48:08.944 -> 1,1,1,-306,2,-465,3,-85
16:48:09.013 -> 1,1,1,-318,2,-495,3,-96
16:48:09.083 -> 1,1,1,-314,2,-468,3,-71
16:48:09.150 -> 1,1,1,-338,2,-447,3,-106
16:48:09.254 -> 1,1,1,-304,2,-437,3,-101
16:48:09.323 -> 1,1,1,-317,2,-467,3,-94
16:48:09.393 -> 1,1,1,-312,2,-465,3,-111
16:48:09.460 -> 1,1,1,-317,2,-441,3,-80
16:48:09.562 -> 1,1,1,-305,2,-434,3,-73
16:48:09.665 -> 1,1,1,-300,2,-450,3,-102
16:48:09.735 -> 1,1,1,-309,2,-452,3,-106
16:48:09.803 -> 1,1,1,-312,2,-453,3,-94
16:48:09.873 -> 1,1,1,-304,2,-469,3,-103
16:48:09.939 -> 1,1,1,-291,2,-436,3,-92
16:48:10.042 -> 1,1,1,-299,2,-435,3,-93
16:48:10.109 -> 1,1,1,-305,2,-457,3,-91
16:48:10.179 -> 1,1,1,-292,2,-434,3,-79
16:48:10.247 -> 1,1,1,-297,2,-461,3,-97
16:48:10.351 -> 1,1,1,-304,2,-466,3,-112
16:48:10.454 -> 1,1,1,-295,2,-436,3,-98
16:48:10.523 -> 1,1,1,-309,2,-448,3,-110
16:48:10.591 -> 1,1,1,-322,2,-474,3,-117
16:48:10.658 -> 1,1,1,-315,2,-439,3,-78
16:48:10.727 -> 1,1,1,-320,2,-458,3,-112
16:48:10.831 -> 1,1,1,-326,2,-459,3,-100
16:48:10.900 -> 1,1,1,-306,2,-460,3,-102
16:48:11.003 -> 1,1,1,-300,2,-451,3,-95
16:48:11.174 -> 1,1,1,-303,2,-455,3,-100
16:48:11.243 -> 1,1,1,-327,2,-435,3,-113
16:48:11.379 -> 1,1,1,-312,2,-445,3,-69
16:48:11.447 -> 1,1,1,-326,2,-456,3,-102
16:48:11.517 -> 1,1,1,-324,2,-450,3,-82
16:48:11.586 -> 1,1,1,-306,2,-452,3,-81
16:48:11.655 -> 1,1,1,-304,2,-454,3,-101
16:48:11.757 -> 1,1,1,-308,2,-441,3,-99
16:48:11.826 -> 1,1,1,-328,2,-448,3,-78
16:48:11.894 -> 1,1,1,-311,2,-460,3,-100
16:48:11.962 -> 1,1,1,-323,2,-447,3,-107
16:48:12.063 -> 1,1,1,-311,2,-451,3,-98
16:48:12.166 -> 1,1,1,-308,2,-449,3,-90
16:48:12.234 -> 1,1,1,-320,2,-430,3,-57
16:48:12.303 -> 1,1,1,-296,2,-432,3,-82
16:48:12.371 -> 1,1,1,-312,2,-424,3,-88
16:48:12.439 -> 1,1,1,-327,2,-431,3,-85
16:48:12.542 -> 1,1,1,-313,2,-451,3,-102
16:48:12.610 -> 1,1,1,-307,2,-443,3,-93
16:48:12.679 -> 1,1,1,-311,2,-449,3,-105
16:48:12.748 -> 1,1,1,-297,2,-459,3,-72
16:48:12.850 -> 1,1,1,-297,2,-441,3,-55
16:48:12.953 -> 1,1,1,-304,2,-427,3,-88
16:48:13.022 -> 1,1,1,-301,2,-459,3,-94
16:48:13.090 -> 1,1,1,-319,2,-448,3,-86
16:48:13.159 -> 1,1,1,-318,2,-457,3,-90
16:48:13.227 -> 1,1,1,-315,2,-437,3,-99
16:48:13.331 -> 1,1,1,-311,2,-431,3,-98
16:48:13.401 -> 1,1,1,-307,2,-441,3,-67
16:48:13.469 -> 1,1,1,-319,2,-437,3,-87
16:48:13.537 -> 1,1,1,-334,2,-443,3,-110
16:48:13.638 -> 1,1,1,-320,2,-444,3,-98
16:48:13.741 -> 1,1,1,-311,2,-443,3,-91
16:48:13.809 -> 1,1,1,-309,2,-468,3,-69
16:48:13.878 -> 1,1,1,-319,2,-445,3,-81
16:48:13.946 -> 1,1,1,-308,2,-450,3,-88
16:48:14.015 -> 1,1,1,-298,2,-438,3,-90
16:48:14.117 -> 1,1,1,-298,2,-476,3,-81
16:48:14.187 -> 1,1,1,-313,2,-464,3,-99
16:48:14.257 -> 1,1,1,-315,2,-433,3,-101
16:48:14.361 -> 1,1,1,-324,2,-446,3,-81
16:48:14.533 -> 1,1,1,-307,2,-486,3,-87
16:48:14.669 -> 1,1,1,-303,2,-452,3,-101
16:48:14.737 -> 1,1,1,-313,2,-435,3,-87
16:48:14.807 -> 1,1,1,-310,2,-446,3,-92
16:48:14.876 -> 1,1,1,-329,2,-451,3,-84
16:48:14.946 -> 1,1,1,-308,2,-448,3,-51
16:48:15.049 -> 1,1,1,-299,2,-449,3,-83
16:48:15.118 -> 1,1,1,-304,2,-452,3,-94
16:48:15.186 -> 1,1,1,-306,2,-441,3,-80
16:48:15.253 -> 1,1,1,-320,2,-445,3,-73
16:48:15.322 -> 1,1,1,-317,2,-433,3,-72
16:48:15.459 -> 1,1,1,-324,2,-462,3,-98
16:48:15.528 -> 1,1,1,-317,2,-442,3,-64
16:48:15.596 -> 1,1,1,-318,2,-439,3,-79
16:48:15.665 -> 1,1,1,-316,2,-437,3,-104
16:48:15.732 -> 1,1,1,-320,2,-456,3,-107
16:48:15.835 -> 1,1,1,-318,2,-454,3,-89
16:48:15.904 -> 1,1,1,-321,2,-472,3,-96
16:48:15.973 -> 1,1,1,-314,2,-468,3,-75
16:48:16.042 -> 1,1,1,-306,2,-445,3,-75
16:48:16.144 -> 1,1,1,-303,2,-445,3,-60
16:48:16.244 -> 1,1,1,-310,2,-481,3,-97
16:48:16.313 -> 1,1,1,-308,2,-450,3,-99
16:48:16.382 -> 1,1,1,-317,2,-465,3,-82
16:48:16.449 -> 1,1,1,-301,2,-435,3,-104
16:48:16.519 -> 1,1,1,-312,2,-434,3,-104
16:48:16.621 -> 1,1,1,-315,2,-433,3,-70
16:48:16.690 -> 1,1,1,-302,2,-431,3,-103
16:48:16.759 -> 1,1,1,-321,2,-449,3,-106
16:48:16.827 -> 1,1,1,-337,2,-470,3,-100
16:48:16.928 -> 1,1,1,-313,2,-460,3,-111
16:48:17.033 -> 1,1,1,-309,2,-440,3,-78
16:48:17.102 -> 1,1,1,-302,2,-469,3,-72
16:48:17.168 -> 1,1,1,-306,2,-455,3,-81
16:48:17.236 -> 1,1,1,-320,2,-458,3,-98
16:48:17.303 -> 1,1,1,-326,2,-456,3,-81
16:48:17.404 -> 1,1,1,-311,2,-458,3,-91
16:48:17.474 -> 1,1,1,-302,2,-450,3,-102
16:48:17.575 -> 1,1,1,-311,2,-456,3,-88
16:48:17.644 -> 1,1,1,-314,2,-462,3,-73
16:48:17.748 -> 1,1,1,-323,2,-443,3,-89
16:48:17.952 -> 1,1,1,-313,2,-413,3,-95
16:48:18.020 -> 1,1,1,-290,2,-411,3,-89
16:48:18.089 -> 1,1,1,-331,2,-430,3,-124
16:48:18.158 -> 1,1,1,-303,2,-426,3,-111
16:48:18.226 -> 1,1,1,-316,2,-420,3,-106
16:48:18.330 -> 1,1,1,-341,2,-467,3,-85
16:48:18.400 -> 1,1,1,-318,2,-423,3,-98
16:48:18.469 -> 1,1,1,-306,2,-432,3,-93
16:48:18.571 -> 1,1,1,-334,2,-427,3,-116
16:48:18.639 -> 1,1,1,-300,2,-421,3,-84
16:48:18.742 -> 1,1,1,-316,2,-445,3,-83
16:48:18.810 -> 1,1,1,-310,2,-428,3,-98
16:48:18.879 -> 1,1,1,-316,2,-443,3,-87
16:48:18.947 -> 1,1,1,-324,2,-457,3,-103
16:48:19.015 -> 1,1,1,-326,2,-455,3,-129
16:48:19.117 -> 1,1,1,-300,2,-432,3,-104
16:48:19.186 -> 1,1,1,-324,2,-447,3,-102
16:48:19.288 -> 1,1,1,-330,2,-395,3,-88
16:48:19.357 -> 1,1,1,-329,2,-422,3,-106
16:48:19.427 -> 1,1,1,-329,2,-410,3,-119
16:48:19.530 -> 1,1,1,-323,2,-419,3,-104
16:48:19.597 -> 1,1,1,-321,2,-407,3,-90
16:48:19.666 -> 1,1,1,-306,2,-422,3,-94
16:48:19.735 -> 1,1,1,-324,2,-434,3,-114
16:48:19.805 -> 1,1,1,-318,2,-418,3,-112
16:48:19.907 -> 1,1,1,-321,2,-432,3,-97
16:48:19.974 -> 1,1,1,-329,2,-442,3,-101
16:48:20.075 -> 1,1,1,-325,2,-438,3,-101
16:48:20.142 -> 1,1,1,-313,2,-422,3,-103
16:48:20.210 -> 1,1,1,-316,2,-439,3,-109
16:48:20.312 -> 1,1,1,-328,2,-408,3,-99
16:48:20.380 -> 1,1,1,-316,2,-452,3,-92
16:48:20.449 -> 1,1,1,-321,2,-414,3,-93
16:48:20.516 -> 1,1,1,-339,2,-457,3,-100
16:48:20.585 -> 1,1,1,-320,2,-463,3,-112
16:48:20.721 -> 1,1,1,-318,2,-438,3,-94
16:48:20.790 -> 1,1,1,-316,2,-410,3,-119
16:48:20.859 -> 1,1,1,-316,2,-432,3,-84
16:48:20.929 -> 1,1,1,-318,2,-440,3,-92
16:48:20.998 -> 1,1,1,-312,2,-409,3,-102
16:48:21.133 -> 1,1,1,-311,2,-476,3,-53
16:48:21.305 -> 1,1,1,-314,2,-467,3,-107
16:48:21.374 -> 1,1,1,-330,2,-450,3,-97
16:48:21.443 -> 1,1,1,-320,2,-465,3,-56
16:48:21.510 -> 1,1,1,-312,2,-483,3,-91
16:48:21.615 -> 1,1,1,-308,2,-451,3,-74
16:48:21.685 -> 1,1,1,-321,2,-466,3,-93
16:48:21.788 -> 1,1,1,-309,2,-469,3,-87
16:48:21.856 -> 1,1,1,-312,2,-463,3,-95
16:48:21.925 -> 1,1,1,-336,2,-463,3,-80
16:48:22.029 -> 1,1,1,-311,2,-454,3,-95
16:48:22.098 -> 1,1,1,-325,2,-466,3,-89
16:48:22.165 -> 1,1,1,-318,2,-462,3,-68
16:48:22.232 -> 1,1,1,-297,2,-442,3,-79
16:48:22.300 -> 1,1,1,-324,2,-462,3,-105
16:48:22.403 -> 1,1,1,-322,2,-443,3,-93
16:48:22.472 -> 1,1,1,-312,2,-475,3,-106
16:48:22.574 -> 1,1,1,-325,2,-486,3,-83
16:48:22.642 -> 1,1,1,-324,2,-505,3,-94
16:48:22.710 -> 1,1,1,-317,2,-445,3,-86
16:48:22.813 -> 1,1,1,-306,2,-444,3,-64
16:48:22.881 -> 1,1,1,-333,2,-471,3,-86
16:48:22.950 -> 1,1,1,-318,2,-501,3,-102
16:48:23.018 -> 1,1,1,-313,2,-477,3,-79
16:48:23.086 -> 1,1,1,-317,2,-451,3,-93
16:48:23.189 -> 1,1,1,-326,2,-465,3,-90
16:48:23.290 -> 1,1,1,-337,2,-471,3,-102
16:48:23.359 -> 1,1,1,-306,2,-464,3,-91
16:48:23.427 -> 1,1,1,-320,2,-470,3,-99
16:48:23.496 -> 1,1,1,-310,2,-456,3,-84
16:48:23.600 -> 1,1,1,-329,2,-504,3,-99
16:48:23.669 -> 1,1,1,-335,2,-460,3,-90
16:48:23.739 -> 1,1,1,-300,2,-446,3,-80
16:48:23.807 -> 1,1,1,-315,2,-447,3,-82
16:48:23.875 -> 1,1,1,-322,2,-463,3,-114
16:48:23.979 -> 1,1,1,-316,2,-477,3,-78
16:48:24.082 -> 1,1,1,-308,2,-466,3,-115
16:48:24.150 -> 1,1,1,-320,2,-453,3,-89
16:48:24.218 -> 1,1,1,-313,2,-465,3,-77
16:48:24.286 -> 1,1,1,-321,2,-453,3,-119
16:48:24.388 -> 1,1,1,-315,2,-439,3,-97
16:48:24.490 -> 1,1,1,-284,2,-409,3,-102
16:48:24.662 -> 1,1,1,-302,2,-404,3,-68
16:48:24.731 -> 1,1,1,-317,2,-435,3,-119
16:48:24.799 -> 1,1,1,-307,2,-406,3,-77
16:48:24.903 -> 1,1,1,-300,2,-425,3,-99
16:48:24.972 -> 1,1,1,-300,2,-404,3,-100
16:48:25.077 -> 1,1,1,-301,2,-397,3,-93
16:48:25.146 -> 1,1,1,-307,2,-434,3,-103
16:48:25.216 -> 1,1,1,-303,2,-408,3,-105
16:48:25.318 -> 1,1,1,-317,2,-448,3,-111
16:48:25.387 -> 1,1,1,-309,2,-431,3,-99
16:48:25.455 -> 1,1,1,-299,2,-434,3,-64
16:48:25.524 -> 1,1,1,-301,2,-439,3,-106
16:48:25.593 -> 1,1,1,-297,2,-407,3,-104
16:48:25.695 -> 1,1,1,-316,2,-421,3,-103
16:48:25.763 -> 1,1,1,-297,2,-432,3,-73
16:48:25.833 -> 1,1,1,-296,2,-420,3,-78
16:48:25.937 -> 1,1,1,-295,2,-434,3,-116
16:48:26.005 -> 1,1,1,-296,2,-417,3,-98
16:48:26.108 -> 1,1,1,-309,2,-436,3,-103
16:48:26.177 -> 1,1,1,-304,2,-429,3,-67
16:48:26.246 -> 1,1,1,-312,2,-440,3,-83
16:48:26.315 -> 1,1,1,-300,2,-429,3,-111
16:48:26.383 -> 1,1,1,-305,2,-433,3,-98
16:48:26.486 -> 1,1,1,-301,2,-423,3,-112
16:48:26.555 -> 1,1,1,-299,2,-422,3,-91
16:48:26.622 -> 1,1,1,-303,2,-426,3,-96
16:48:26.724 -> 1,1,1,-305,2,-421,3,-111
16:48:26.793 -> 1,1,1,-309,2,-423,3,-106
16:48:26.897 -> 1,1,1,-288,2,-422,3,-101
16:48:26.965 -> 1,1,1,-293,2,-445,3,-79
16:48:27.033 -> 1,1,1,-297,2,-438,3,-86
16:48:27.102 -> 1,1,1,-309,2,-390,3,-98
16:48:27.170 -> 1,1,1,-304,2,-424,3,-67
16:48:27.412 -> 1,1,1,-309,2,-430,3,-95
16:48:27.515 -> 1,1,1,-302,2,-411,3,-107
16:48:27.584 -> 1,1,1,-315,2,-445,3,-88
16:48:27.688 -> 1,1,1,-287,2,-416,3,-100
16:48:27.757 -> 1,1,1,-320,2,-415,3,-100
16:48:27.861 -> 1,1,1,-321,2,-474,3,-119
16:48:28.031 -> 1,1,1,-318,2,-453,3,-109
16:48:28.100 -> 1,1,1,-298,2,-422,3,-95
16:48:28.203 -> 1,1,1,-312,2,-476,3,-91
16:48:28.271 -> 1,1,1,-305,2,-451,3,-94
16:48:28.341 -> 1,1,1,-312,2,-449,3,-102
16:48:28.409 -> 1,1,1,-312,2,-468,3,-78
16:48:28.477 -> 1,1,1,-323,2,-445,3,-136
16:48:28.614 -> 1,1,1,-308,2,-469,3,-116
16:48:28.683 -> 1,1,1,-307,2,-445,3,-96
16:48:28.752 -> 1,1,1,-302,2,-430,3,-101
16:48:28.820 -> 1,1,1,-301,2,-448,3,-91
16:48:28.890 -> 1,1,1,-311,2,-439,3,-99
16:48:28.993 -> 1,1,1,-305,2,-429,3,-104
16:48:29.062 -> 1,1,1,-302,2,-451,3,-108
16:48:29.131 -> 1,1,1,-333,2,-457,3,-116
16:48:29.200 -> 1,1,1,-319,2,-429,3,-95
16:48:29.269 -> 1,1,1,-326,2,-491,3,-127
16:48:29.373 -> 1,1,1,-318,2,-458,3,-106
16:48:29.475 -> 1,1,1,-309,2,-437,3,-91
16:48:29.543 -> 1,1,1,-317,2,-437,3,-105
16:48:29.613 -> 1,1,1,-297,2,-459,3,-117
16:48:29.682 -> 1,1,1,-319,2,-465,3,-108
16:48:29.784 -> 1,1,1,-312,2,-496,3,-121
16:48:29.853 -> 1,1,1,-305,2,-444,3,-111
16:48:29.922 -> 1,1,1,-327,2,-427,3,-96
16:48:29.990 -> 1,1,1,-322,2,-442,3,-104
16:48:30.059 -> 1,1,1,-321,2,-429,3,-142
16:48:30.161 -> 1,1,1,-323,2,-453,3,-98
16:48:30.263 -> 1,1,1,-311,2,-426,3,-98
16:48:30.332 -> 1,1,1,-308,2,-427,3,-112
16:48:30.401 -> 1,1,1,-315,2,-467,3,-114
16:48:30.470 -> 1,1,1,-320,2,-438,3,-111
16:48:30.574 -> 1,1,1,-321,2,-428,3,-110
16:48:30.642 -> 1,1,1,-317,2,-436,3,-86
16:48:30.711 -> 1,1,1,-314,2,-438,3,-116
16:48:30.780 -> 1,1,1,-311,2,-465,3,-114
16:48:30.849 -> 1,1,1,-315,2,-460,3,-109
16:48:30.952 -> 1,1,1,-329,2,-463,3,-131
16:48:31.021 -> 1,1,1,-307,2,-464,3,-110
16:48:31.123 -> 1,1,1,-324,2,-444,3,-122
16:48:31.226 -> 1,1,1,-312,2,-454,3,-88
16:48:31.399 -> 1,1,1,-313,2,-456,3,-101
16:48:31.500 -> 1,1,1,-331,2,-442,3,-93
16:48:31.569 -> 1,1,1,-316,2,-457,3,-115
16:48:31.637 -> 1,1,1,-342,2,-451,3,-97
16:48:31.704 -> 1,1,1,-315,2,-448,3,-103
16:48:31.773 -> 1,1,1,-306,2,-454,3,-116
16:48:31.876 -> 1,1,1,-311,2,-442,3,-99
16:48:31.945 -> 1,1,1,-328,2,-478,3,-125
16:48:32.046 -> 1,1,1,-330,2,-449,3,-131
16:48:32.116 -> 1,1,1,-311,2,-444,3,-79
16:48:32.185 -> 1,1,1,-310,2,-444,3,-108
16:48:32.289 -> 1,1,1,-319,2,-439,3,-101
16:48:32.356 -> 1,1,1,-313,2,-434,3,-102
16:48:32.425 -> 1,1,1,-322,2,-445,3,-112
16:48:32.494 -> 1,1,1,-324,2,-458,3,-123
16:48:32.563 -> 1,1,1,-319,2,-442,3,-109
16:48:32.665 -> 1,1,1,-296,2,-436,3,-114
16:48:32.733 -> 1,1,1,-318,2,-446,3,-107
16:48:32.834 -> 1,1,1,-325,2,-439,3,-99
16:48:32.903 -> 1,1,1,-323,2,-461,3,-104
16:48:32.970 -> 1,1,1,-317,2,-451,3,-92
16:48:33.075 -> 1,1,1,-324,2,-436,3,-109
16:48:33.144 -> 1,1,1,-311,2,-439,3,-130
16:48:33.212 -> 1,1,1,-318,2,-424,3,-109
16:48:33.280 -> 1,1,1,-313,2,-460,3,-89
16:48:33.349 -> 1,1,1,-317,2,-442,3,-97
16:48:33.453 -> 1,1,1,-326,2,-446,3,-118
16:48:33.523 -> 1,1,1,-326,2,-444,3,-106
16:48:33.593 -> 1,1,1,-317,2,-457,3,-101
16:48:33.697 -> 1,1,1,-317,2,-443,3,-95
16:48:33.765 -> 1,1,1,-332,2,-440,3,-112
16:48:33.867 -> 1,1,1,-322,2,-454,3,-118
16:48:33.936 -> 1,1,1,-308,2,-446,3,-109
16:48:34.005 -> 1,1,1,-303,2,-470,3,-116
16:48:34.074 -> 1,1,1,-317,2,-431,3,-106
16:48:34.143 -> 1,1,1,-308,2,-437,3,-85
16:48:34.247 -> 1,1,1,-320,2,-438,3,-94
16:48:34.313 -> 1,1,1,-308,2,-426,3,-95
16:48:34.416 -> 1,1,1,-313,2,-439,3,-107
16:48:34.485 -> 1,1,1,-317,2,-487,3,-103
16:48:34.792 -> 1,1,1,-316,2,-461,3,-101
16:48:34.860 -> 1,1,1,-308,2,-431,3,-108
16:48:34.928 -> 1,1,1,-310,2,-459,3,-89
16:48:34.998 -> 1,1,1,-308,2,-432,3,-120
16:48:35.066 -> 1,1,1,-324,2,-450,3,-122
16:48:35.169 -> 1,1,1,-311,2,-441,3,-98
16:48:35.237 -> 1,1,1,-309,2,-471,3,-103
16:48:35.305 -> 1,1,1,-317,2,-455,3,-108
16:48:35.407 -> 1,1,1,-306,2,-450,3,-61
16:48:35.476 -> 1,1,1,-315,2,-445,3,-122
16:48:35.580 -> 1,1,1,-326,2,-460,3,-113
16:48:35.648 -> 1,1,1,-316,2,-459,3,-84
16:48:35.718 -> 1,1,1,-319,2,-433,3,-103
16:48:35.786 -> 1,1,1,-314,2,-465,3,-104
16:48:35.853 -> 1,1,1,-315,2,-475,3,-104
16:48:35.953 -> 1,1,1,-330,2,-444,3,-97
16:48:36.056 -> 1,1,1,-317,2,-468,3,-105
16:48:36.125 -> 1,1,1,-313,2,-487,3,-100
16:48:36.195 -> 1,1,1,-328,2,-478,3,-109
16:48:36.265 -> 1,1,1,-315,2,-450,3,-114
16:48:36.366 -> 1,1,1,-314,2,-459,3,-116
16:48:36.435 -> 1,1,1,-309,2,-451,3,-116
16:48:36.504 -> 1,1,1,-322,2,-457,3,-110
16:48:36.574 -> 1,1,1,-312,2,-462,3,-128
16:48:36.643 -> 1,1,1,-323,2,-446,3,-115
16:48:36.746 -> 1,1,1,-302,2,-452,3,-104
16:48:36.814 -> 1,1,1,-301,2,-490,3,-109
16:48:36.883 -> 1,1,1,-294,2,-447,3,-97
16:48:36.985 -> 1,1,1,-303,2,-467,3,-119
16:48:37.053 -> 1,1,1,-310,2,-461,3,-116
16:48:37.155 -> 1,1,1,-330,2,-445,3,-78
16:48:37.225 -> 1,1,1,-321,2,-459,3,-81
16:48:37.294 -> 1,1,1,-315,2,-454,3,-95
16:48:37.363 -> 1,1,1,-303,2,-518,3,-107
16:48:37.430 -> 1,1,1,-316,2,-466,3,-115
16:48:37.532 -> 1,1,1,-308,2,-451,3,-117
16:48:37.601 -> 1,1,1,-322,2,-477,3,-106
16:48:37.704 -> 1,1,1,-314,2,-464,3,-104
16:48:37.773 -> 1,1,1,-318,2,-462,3,-107
16:48:37.841 -> 1,1,1,-325,2,-455,3,-128
16:48:37.979 -> 1,1,1,-309,2,-460,3,-88
16:48:38.151 -> 1,1,1,-305,2,-485,3,-76
16:48:38.218 -> 1,1,1,-307,2,-470,3,-102
16:48:38.287 -> 1,1,1,-313,2,-466,3,-115
16:48:38.356 -> 1,1,1,-322,2,-472,3,-88
16:48:38.457 -> 1,1,1,-320,2,-474,3,-86
16:48:38.525 -> 1,1,1,-307,2,-474,3,-79
16:48:38.627 -> 1,1,1,-319,2,-456,3,-94
16:48:38.763 -> 1,1,1,-310,2,-465,3,-100
16:48:38.867 -> 1,1,1,-306,2,-467,3,-103
16:48:38.935 -> 1,1,1,-318,2,-474,3,-120
16:48:39.004 -> 1,1,1,-302,2,-456,3,-74
16:48:39.074 -> 1,1,1,-315,2,-466,3,-116
16:48:39.143 -> 1,1,1,-318,2,-460,3,-89
16:48:39.246 -> 1,1,1,-316,2,-489,3,-121
16:48:39.314 -> 1,1,1,-315,2,-477,3,-113
16:48:39.383 -> 1,1,1,-312,2,-455,3,-101
16:48:39.487 -> 1,1,1,-313,2,-459,3,-100
16:48:39.556 -> 1,1,1,-313,2,-464,3,-111
16:48:39.659 -> 1,1,1,-302,2,-473,3,-113
16:48:39.728 -> 1,1,1,-325,2,-461,3,-101
16:48:39.798 -> 1,1,1,-315,2,-481,3,-78
16:48:39.867 -> 1,1,1,-312,2,-493,3,-98
16:48:39.936 -> 1,1,1,-321,2,-484,3,-95
16:48:40.039 -> 1,1,1,-323,2,-489,3,-111
16:48:40.109 -> 1,1,1,-328,2,-495,3,-115
16:48:40.179 -> 1,1,1,-314,2,-477,3,-115
16:48:40.247 -> 1,1,1,-314,2,-497,3,-106
16:48:40.316 -> 1,1,1,-315,2,-467,3,-107
16:48:40.452 -> 1,1,1,-312,2,-470,3,-113
16:48:40.520 -> 1,1,1,-314,2,-476,3,-114
16:48:40.590 -> 1,1,1,-317,2,-484,3,-123
16:48:40.660 -> 1,1,1,-317,2,-461,3,-110
16:48:40.729 -> 1,1,1,-309,2,-471,3,-108
16:48:40.832 -> 1,1,1,-316,2,-502,3,-97
16:48:40.901 -> 1,1,1,-312,2,-463,3,-112
16:48:40.970 -> 1,1,1,-308,2,-482,3,-75
16:48:41.039 -> 1,1,1,-326,2,-510,3,-115
16:48:41.107 -> 1,1,1,-302,2,-500,3,-103
16:48:41.242 -> 1,1,1,-317,2,-465,3,-105
16:48:41.343 -> 1,1,1,-300,2,-442,3,-69
16:48:41.893 -> 1,1,1,-308,2,-460,3,-87
16:48:41.963 -> 1,1,1,-311,2,-443,3,-80
16:48:42.031 -> 1,1,1,-306,2,-449,3,-91
16:48:42.167 -> 1,1,1,-318,2,-442,3,-92
16:48:42.235 -> 1,1,1,-317,2,-431,3,-90
16:48:42.304 -> 1,1,1,-306,2,-435,3,-75
16:48:42.371 -> 1,1,1,-305,2,-452,3,-74
16:48:42.441 -> 1,1,1,-313,2,-446,3,-68
16:48:42.541 -> 1,1,1,-314,2,-435,3,-88
16:48:42.608 -> 1,1,1,-315,2,-428,3,-68
16:48:42.677 -> 1,1,1,-306,2,-451,3,-74
16:48:42.746 -> 1,1,1,-306,2,-437,3,-93
16:48:42.848 -> 1,1,1,-298,2,-446,3,-81
16:48:42.949 -> 1,1,1,-308,2,-428,3,-80
16:48:43.017 -> 1,1,1,-320,2,-416,3,-78
16:48:43.087 -> 1,1,1,-297,2,-454,3,-55
16:48:43.156 -> 1,1,1,-285,2,-443,3,-62
16:48:43.225 -> 1,1,1,-316,2,-441,3,-106
16:48:43.327 -> 1,1,1,-309,2,-441,3,-77
16:48:43.394 -> 1,1,1,-316,2,-485,3,-82
16:48:43.462 -> 1,1,1,-316,2,-435,3,-83
16:48:43.563 -> 1,1,1,-312,2,-454,3,-84
16:48:43.630 -> 1,1,1,-294,2,-431,3,-106
16:48:43.731 -> 1,1,1,-312,2,-451,3,-68
16:48:43.798 -> 1,1,1,-316,2,-434,3,-59
16:48:43.868 -> 1,1,1,-302,2,-438,3,-91
16:48:43.936 -> 1,1,1,-300,2,-448,3,-98
16:48:44.004 -> 1,1,1,-301,2,-447,3,-65
16:48:44.142 -> 1,1,1,-306,2,-438,3,-60
16:48:44.210 -> 1,1,1,-308,2,-467,3,-92
16:48:44.278 -> 1,1,1,-311,2,-425,3,-83
16:48:44.345 -> 1,1,1,-296,2,-437,3,-86
16:48:44.412 -> 1,1,1,-294,2,-460,3,-89
16:48:44.512 -> 1,1,1,-309,2,-425,3,-91
16:48:44.580 -> 1,1,1,-321,2,-451,3,-99
16:48:44.683 -> 1,1,1,-293,2,-423,3,-112
16:48:44.853 -> 1,1,1,-307,2,-434,3,-80
16:48:44.923 -> 1,1,1,-297,2,-424,3,-105
16:48:45.059 -> 1,1,1,-316,2,-454,3,-89
16:48:45.127 -> 1,1,1,-311,2,-455,3,-113
16:48:45.194 -> 1,1,1,-306,2,-456,3,-88
16:48:45.262 -> 1,1,1,-303,2,-442,3,-87
16:48:45.330 -> 1,1,1,-306,2,-448,3,-62
16:48:45.434 -> 1,1,1,-302,2,-420,3,-98
16:48:45.503 -> 1,1,1,-297,2,-441,3,-77
16:48:45.573 -> 1,1,1,-315,2,-418,3,-106
16:48:45.642 -> 1,1,1,-308,2,-433,3,-90
16:48:45.746 -> 1,1,1,-311,2,-471,3,-85
16:48:45.849 -> 1,1,1,-312,2,-450,3,-93
16:48:45.919 -> 1,1,1,-303,2,-437,3,-90
16:48:45.987 -> 1,1,1,-310,2,-433,3,-114
16:48:46.056 -> 1,1,1,-314,2,-428,3,-108
16:48:46.125 -> 1,1,1,-302,2,-447,3,-109
16:48:46.229 -> 1,1,1,-319,2,-441,3,-85
16:48:46.296 -> 1,1,1,-302,2,-441,3,-116
16:48:46.365 -> 1,1,1,-314,2,-431,3,-114
16:48:46.433 -> 1,1,1,-297,2,-451,3,-96
16:48:46.502 -> 1,1,1,-320,2,-427,3,-97
16:48:46.640 -> 1,1,1,-323,2,-464,3,-102
16:48:46.709 -> 1,1,1,-308,2,-465,3,-86
16:48:46.776 -> 1,1,1,-305,2,-453,3,-106
16:48:46.845 -> 1,1,1,-303,2,-450,3,-85
16:48:46.914 -> 1,1,1,-325,2,-449,3,-89
16:48:47.016 -> 1,1,1,-309,2,-437,3,-80
16:48:47.085 -> 1,1,1,-307,2,-440,3,-116
16:48:47.152 -> 1,1,1,-306,2,-435,3,-114
16:48:47.222 -> 1,1,1,-317,2,-459,3,-119
16:48:47.292 -> 1,1,1,-319,2,-448,3,-88
16:48:47.429 -> 1,1,1,-324,2,-459,3,-86
16:48:47.497 -> 1,1,1,-303,2,-414,3,-102
16:48:47.566 -> 1,1,1,-309,2,-435,3,-98
16:48:47.634 -> 1,1,1,-310,2,-457,3,-109
16:48:47.702 -> 1,1,1,-307,2,-432,3,-116
16:48:47.805 -> 1,1,1,-319,2,-426,3,-87
16:48:47.875 -> 1,1,1,-311,2,-442,3,-108
16:48:47.942 -> 1,1,1,-302,2,-435,3,-93
16:48:48.044 -> 1,1,1,-304,2,-447,3,-102
16:48:48.217 -> 1,1,1,-312,2,-443,3,-106
16:48:48.353 -> 1,1,1,-329,2,-451,3,-63
16:48:48.421 -> 1,1,1,-327,2,-458,3,-115
16:48:48.489 -> 1,1,1,-305,2,-476,3,-93
16:48:48.557 -> 1,1,1,-300,2,-466,3,-110
16:48:48.626 -> 1,1,1,-315,2,-453,3,-77
16:48:48.727 -> 1,1,1,-300,2,-461,3,-110
16:48:48.796 -> 1,1,1,-325,2,-454,3,-89
16:48:48.865 -> 1,1,1,-315,2,-454,3,-102
16:48:48.934 -> 1,1,1,-306,2,-466,3,-123
16:48:49.004 -> 1,1,1,-300,2,-451,3,-109
16:48:49.109 -> 1,1,1,-311,2,-427,3,-91
16:48:49.211 -> 1,1,1,-306,2,-443,3,-101
16:48:49.281 -> 1,1,1,-319,2,-450,3,-107
16:48:49.350 -> 1,1,1,-306,2,-456,3,-102
16:48:49.420 -> 1,1,1,-309,2,-451,3,-87
16:48:49.523 -> 1,1,1,-320,2,-457,3,-108
16:48:49.591 -> 1,1,1,-304,2,-463,3,-103
16:48:49.659 -> 1,1,1,-315,2,-460,3,-98
16:48:49.728 -> 1,1,1,-316,2,-430,3,-80
16:48:49.798 -> 1,1,1,-307,2,-451,3,-101
16:48:49.901 -> 1,1,1,-307,2,-421,3,-85
16:48:49.969 -> 1,1,1,-308,2,-451,3,-83
16:48:50.071 -> 1,1,1,-321,2,-463,3,-113
16:48:50.139 -> 1,1,1,-317,2,-468,3,-120
16:48:50.206 -> 1,1,1,-317,2,-446,3,-109
16:48:50.310 -> 1,1,1,-303,2,-424,3,-114
16:48:50.379 -> 1,1,1,-295,2,-436,3,-108
16:48:50.447 -> 1,1,1,-316,2,-433,3,-96
16:48:50.515 -> 1,1,1,-311,2,-452,3,-106
16:48:50.585 -> 1,1,1,-295,2,-433,3,-89
16:48:50.689 -> 1,1,1,-311,2,-464,3,-105
16:48:50.757 -> 1,1,1,-303,2,-444,3,-100
16:48:50.857 -> 1,1,1,-308,2,-495,3,-88
16:48:50.925 -> 1,1,1,-316,2,-448,3,-108
16:48:50.992 -> 1,1,1,-298,2,-432,3,-80
16:48:51.094 -> 1,1,1,-304,2,-444,3,-71
16:48:51.162 -> 1,1,1,-309,2,-435,3,-88
16:48:51.230 -> 1,1,1,-311,2,-424,3,-84
16:48:51.298 -> 1,1,1,-314,2,-453,3,-82
16:48:51.401 -> 1,1,1,-316,2,-428,3,-74
16:48:51.640 -> 1,1,1,-324,2,-442,3,-108
16:48:51.709 -> 1,1,1,-310,2,-444,3,-72
16:48:51.777 -> 1,1,1,-314,2,-448,3,-83
16:48:51.847 -> 1,1,1,-325,2,-448,3,-79
16:48:51.914 -> 1,1,1,-304,2,-413,3,-69
16:48:52.017 -> 1,1,1,-307,2,-447,3,-66
16:48:52.086 -> 1,1,1,-309,2,-459,3,-85
16:48:52.154 -> 1,1,1,-305,2,-465,3,-82
16:48:52.223 -> 1,1,1,-308,2,-436,3,-64
16:48:52.290 -> 1,1,1,-310,2,-462,3,-103
16:48:52.427 -> 1,1,1,-317,2,-437,3,-77
16:48:52.496 -> 1,1,1,-306,2,-424,3,-87
16:48:52.565 -> 1,1,1,-304,2,-425,3,-73
16:48:52.633 -> 1,1,1,-318,2,-446,3,-92
16:48:52.701 -> 1,1,1,-302,2,-457,3,-69
16:48:52.805 -> 1,1,1,-307,2,-431,3,-64
16:48:52.874 -> 1,1,1,-300,2,-438,3,-81
16:48:52.943 -> 1,1,1,-308,2,-450,3,-91
16:48:53.013 -> 1,1,1,-304,2,-451,3,-81
16:48:53.080 -> 1,1,1,-307,2,-464,3,-89
16:48:53.216 -> 1,1,1,-321,2,-469,3,-80
16:48:53.285 -> 1,1,1,-305,2,-437,3,-109
16:48:53.353 -> 1,1,1,-304,2,-436,3,-70
16:48:53.420 -> 1,1,1,-301,2,-458,3,-77
16:48:53.490 -> 1,1,1,-320,2,-466,3,-71
16:48:53.594 -> 1,1,1,-295,2,-443,3,-94
16:48:53.662 -> 1,1,1,-310,2,-442,3,-107
16:48:53.730 -> 1,1,1,-310,2,-445,3,-94
16:48:53.799 -> 1,1,1,-299,2,-457,3,-90
16:48:53.900 -> 1,1,1,-303,2,-430,3,-72
16:48:54.003 -> 1,1,1,-316,2,-416,3,-72
16:48:54.072 -> 1,1,1,-299,2,-426,3,-79
16:48:54.141 -> 1,1,1,-316,2,-427,3,-81
16:48:54.209 -> 1,1,1,-311,2,-433,3,-106
16:48:54.277 -> 1,1,1,-299,2,-437,3,-72
16:48:54.380 -> 1,1,1,-317,2,-405,3,-67
16:48:54.448 -> 1,1,1,-316,2,-447,3,-79
16:48:54.515 -> 1,1,1,-301,2,-431,3,-86
16:48:54.617 -> 1,1,1,-306,2,-476,3,-74
16:48:54.684 -> 1,1,1,-308,2,-438,3,-111
16:48:54.821 -> 1,1,1,-327,2,-460,3,-93
16:48:54.993 -> 1,1,1,-318,2,-450,3,-92
16:48:55.061 -> 1,1,1,-328,2,-466,3,-78
16:48:55.130 -> 1,1,1,-313,2,-457,3,-85
16:48:55.197 -> 1,1,1,-317,2,-481,3,-72
16:48:55.300 -> 1,1,1,-320,2,-462,3,-98
16:48:55.368 -> 1,1,1,-306,2,-420,3,-83
16:48:55.437 -> 1,1,1,-295,2,-424,3,-74
16:48:55.506 -> 1,1,1,-311,2,-441,3,-74
16:48:55.610 -> 1,1,1,-327,2,-455,3,-113
16:48:55.713 -> 1,1,1,-322,2,-457,3,-99
16:48:55.781 -> 1,1,1,-325,2,-492,3,-86
16:48:55.850 -> 1,1,1,-309,2,-466,3,-117
16:48:55.919 -> 1,1,1,-325,2,-449,3,-91
16:48:55.987 -> 1,1,1,-316,2,-463,3,-109
16:48:56.090 -> 1,1,1,-306,2,-450,3,-99
16:48:56.159 -> 1,1,1,-325,2,-448,3,-95
16:48:56.228 -> 1,1,1,-331,2,-444,3,-100
16:48:56.297 -> 1,1,1,-315,2,-455,3,-97
16:48:56.367 -> 1,1,1,-322,2,-435,3,-82
16:48:56.505 -> 1,1,1,-315,2,-434,3,-75
16:48:56.571 -> 1,1,1,-293,2,-439,3,-108
16:48:56.640 -> 1,1,1,-326,2,-458,3,-123
16:48:56.708 -> 1,1,1,-320,2,-439,3,-103
16:48:56.777 -> 1,1,1,-313,2,-436,3,-84
16:48:56.879 -> 1,1,1,-312,2,-459,3,-110
16:48:56.946 -> 1,1,1,-308,2,-458,3,-116
16:48:57.014 -> 1,1,1,-326,2,-436,3,-116
16:48:57.117 -> 1,1,1,-305,2,-436,3,-95
16:48:57.184 -> 1,1,1,-314,2,-486,3,-107
16:48:57.287 -> 1,1,1,-304,2,-437,3,-79
16:48:57.355 -> 1,1,1,-320,2,-453,3,-103
16:48:57.422 -> 1,1,1,-321,2,-460,3,-97
16:48:57.492 -> 1,1,1,-299,2,-443,3,-98
16:48:57.560 -> 1,1,1,-307,2,-442,3,-101
16:48:57.663 -> 1,1,1,-313,2,-438,3,-69
16:48:57.733 -> 1,1,1,-313,2,-469,3,-80
16:48:57.801 -> 1,1,1,-306,2,-441,3,-80
16:48:57.904 -> 1,1,1,-311,2,-481,3,-91
16:48:57.973 -> 1,1,1,-313,2,-452,3,-94
16:48:58.075 -> 1,1,1,-321,2,-443,3,-91
16:48:58.179 -> 1,1,1,-301,2,-391,3,-95
16:48:58.727 -> 1,1,1,-317,2,-413,3,-55
16:48:58.797 -> 1,1,1,-322,2,-452,3,-82
16:48:58.901 -> 1,1,1,-307,2,-403,3,-51
16:48:59.004 -> 1,1,1,-307,2,-419,3,-92
16:48:59.073 -> 1,1,1,-306,2,-421,3,-70
16:48:59.142 -> 1,1,1,-316,2,-411,3,-81
16:48:59.210 -> 1,1,1,-304,2,-394,3,-71
16:48:59.280 -> 1,1,1,-316,2,-411,3,-77
16:48:59.383 -> 1,1,1,-306,2,-445,3,-85
16:48:59.453 -> 1,1,1,-298,2,-398,3,-77
16:48:59.522 -> 1,1,1,-307,2,-430,3,-69
16:48:59.591 -> 1,1,1,-300,2,-396,3,-72
16:48:59.660 -> 1,1,1,-305,2,-417,3,-91
16:48:59.763 -> 1,1,1,-320,2,-425,3,-74
16:48:59.866 -> 1,1,1,-323,2,-428,3,-75
16:48:59.934 -> 1,1,1,-312,2,-448,3,-76
16:49:00.002 -> 1,1,1,-323,2,-425,3,-79
16:49:00.070 -> 1,1,1,-316,2,-424,3,-91
16:49:00.175 -> 1,1,1,-309,2,-440,3,-92
16:49:00.244 -> 1,1,1,-307,2,-414,3,-81
16:49:00.313 -> 1,1,1,-313,2,-435,3,-73
16:49:00.382 -> 1,1,1,-319,2,-435,3,-75
16:49:00.451 -> 1,1,1,-306,2,-415,3,-61
16:49:00.554 -> 1,1,1,-320,2,-422,3,-76
16:49:00.657 -> 1,1,1,-317,2,-467,3,-91
16:49:00.725 -> 1,1,1,-325,2,-407,3,-103
16:49:00.795 -> 1,1,1,-317,2,-428,3,-80
16:49:00.864 -> 1,1,1,-312,2,-406,3,-61
16:49:00.967 -> 1,1,1,-304,2,-394,3,-82
16:49:01.035 -> 1,1,1,-321,2,-421,3,-81
16:49:01.104 -> 1,1,1,-313,2,-422,3,-89
16:49:01.172 -> 1,1,1,-318,2,-421,3,-68
16:49:01.241 -> 1,1,1,-299,2,-413,3,-102
16:49:01.344 -> 1,1,1,-296,2,-418,3,-63
16:49:01.414 -> 1,1,1,-317,2,-414,3,-96
16:49:01.516 -> 1,1,1,-323,2,-448,3,-125
16:49:01.721 -> 1,1,1,-309,2,-425,3,-94
16:49:01.789 -> 1,1,1,-304,2,-456,3,-118
16:49:01.891 -> 1,1,1,-323,2,-448,3,-102
16:49:01.959 -> 1,1,1,-327,2,-427,3,-124
16:49:02.028 -> 1,1,1,-319,2,-454,3,-100
16:49:02.097 -> 1,1,1,-318,2,-462,3,-74
16:49:02.166 -> 1,1,1,-315,2,-494,3,-94
16:49:02.270 -> 1,1,1,-320,2,-454,3,-74
16:49:02.339 -> 1,1,1,-301,2,-441,3,-97
16:49:02.407 -> 1,1,1,-314,2,-465,3,-130
16:49:02.510 -> 1,1,1,-321,2,-455,3,-119
16:49:02.578 -> 1,1,1,-315,2,-441,3,-109
16:49:02.681 -> 1,1,1,-299,2,-458,3,-97
16:49:02.748 -> 1,1,1,-303,2,-427,3,-101
16:49:02.816 -> 1,1,1,-306,2,-452,3,-123
16:49:02.884 -> 1,1,1,-301,2,-458,3,-104
16:49:02.953 -> 1,1,1,-319,2,-458,3,-118
16:49:03.057 -> 1,1,1,-313,2,-476,3,-108
16:49:03.125 -> 1,1,1,-301,2,-472,3,-93
16:49:03.226 -> 1,1,1,-312,2,-433,3,-120
16:49:03.294 -> 1,1,1,-320,2,-463,3,-109
16:49:03.362 -> 1,1,1,-317,2,-469,3,-117
16:49:03.465 -> 1,1,1,-307,2,-453,3,-105
16:49:03.533 -> 1,1,1,-306,2,-449,3,-115
16:49:03.603 -> 1,1,1,-310,2,-443,3,-106
16:49:03.672 -> 1,1,1,-313,2,-447,3,-106
16:49:03.740 -> 1,1,1,-330,2,-473,3,-130
16:49:03.842 -> 1,1,1,-307,2,-474,3,-82
16:49:03.912 -> 1,1,1,-313,2,-450,3,-111
16:49:04.013 -> 1,1,1,-324,2,-433,3,-101
16:49:04.080 -> 1,1,1,-319,2,-485,3,-140
16:49:04.148 -> 1,1,1,-309,2,-460,3,-95
16:49:04.251 -> 1,1,1,-292,2,-442,3,-103
16:49:04.321 -> 1,1,1,-328,2,-464,3,-110
16:49:04.389 -> 1,1,1,-317,2,-488,3,-92
16:49:04.459 -> 1,1,1,-314,2,-466,3,-123
16:49:04.527 -> 1,1,1,-315,2,-460,3,-126
16:49:04.631 -> 1,1,1,-285,2,-420,3,-117
16:49:04.732 -> 1,1,1,-311,2,-431,3,-123
16:49:04.800 -> 1,1,1,-309,2,-425,3,-139
16:49:04.902 -> 1,1,1,-327,2,-479,3,-106
16:49:05.074 -> 1,1,1,-300,2,-481,3,-116
16:49:05.175 -> 1,1,1,-307,2,-459,3,-92
16:49:05.242 -> 1,1,1,-318,2,-475,3,-88
16:49:05.312 -> 1,1,1,-309,2,-454,3,-111
16:49:05.380 -> 1,1,1,-320,2,-494,3,-115
16:49:05.448 -> 1,1,1,-312,2,-480,3,-77
16:49:05.584 -> 1,1,1,-303,2,-475,3,-101
16:49:05.654 -> 1,1,1,-324,2,-456,3,-80
16:49:05.722 -> 1,1,1,-296,2,-475,3,-94
16:49:05.790 -> 1,1,1,-308,2,-499,3,-105
16:49:05.859 -> 1,1,1,-305,2,-474,3,-111
16:49:05.962 -> 1,1,1,-301,2,-449,3,-109
16:49:06.030 -> 1,1,1,-297,2,-465,3,-70
16:49:06.099 -> 1,1,1,-315,2,-497,3,-97
16:49:06.169 -> 1,1,1,-296,2,-460,3,-89
16:49:06.236 -> 1,1,1,-304,2,-462,3,-106
16:49:06.339 -> 1,1,1,-304,2,-467,3,-105
16:49:06.443 -> 1,1,1,-317,2,-462,3,-98
16:49:06.512 -> 1,1,1,-312,2,-474,3,-89
16:49:06.581 -> 1,1,1,-307,2,-470,3,-111
16:49:06.650 -> 1,1,1,-300,2,-461,3,-110
16:49:06.753 -> 1,1,1,-312,2,-476,3,-122
16:49:06.820 -> 1,1,1,-302,2,-449,3,-111
16:49:06.888 -> 1,1,1,-317,2,-490,3,-111
16:49:06.957 -> 1,1,1,-306,2,-453,3,-120
16:49:07.027 -> 1,1,1,-310,2,-486,3,-118
16:49:07.131 -> 1,1,1,-321,2,-459,3,-92
16:49:07.200 -> 1,1,1,-314,2,-447,3,-116
16:49:07.303 -> 1,1,1,-315,2,-480,3,-127
16:49:07.370 -> 1,1,1,-307,2,-462,3,-114
16:49:07.440 -> 1,1,1,-307,2,-459,3,-112
16:49:07.542 -> 1,1,1,-297,2,-443,3,-98
16:49:07.612 -> 1,1,1,-317,2,-481,3,-95
16:49:07.679 -> 1,1,1,-316,2,-464,3,-115
16:49:07.748 -> 1,1,1,-300,2,-468,3,-89
16:49:07.816 -> 1,1,1,-315,2,-449,3,-109
16:49:07.918 -> 1,1,1,-305,2,-471,3,-100
16:49:07.988 -> 1,1,1,-313,2,-460,3,-110
16:49:08.090 -> 1,1,1,-297,2,-481,3,-94
16:49:08.158 -> 1,1,1,-296,2,-475,3,-91
16:49:08.260 -> 1,1,1,-330,2,-457,3,-116
16:49:08.468 -> 1,1,1,-318,2,-454,3,-121
16:49:08.536 -> 1,1,1,-316,2,-438,3,-121
16:49:08.604 -> 1,1,1,-308,2,-468,3,-106
16:49:08.673 -> 1,1,1,-308,2,-454,3,-116
16:49:08.742 -> 1,1,1,-313,2,-465,3,-110
16:49:08.844 -> 1,1,1,-315,2,-480,3,-95
16:49:08.911 -> 1,1,1,-307,2,-454,3,-110
16:49:09.015 -> 1,1,1,-326,2,-506,3,-86
16:49:09.085 -> 1,1,1,-307,2,-478,3,-103
16:49:09.155 -> 1,1,1,-310,2,-433,3,-93
16:49:09.259 -> 1,1,1,-319,2,-454,3,-103
16:49:09.328 -> 1,1,1,-313,2,-463,3,-115
16:49:09.396 -> 1,1,1,-321,2,-452,3,-109
16:49:09.464 -> 1,1,1,-324,2,-474,3,-110
16:49:09.532 -> 1,1,1,-314,2,-464,3,-83
16:49:09.702 -> 1,1,1,-319,2,-450,3,-113
16:49:09.804 -> 1,1,1,-306,2,-473,3,-82
16:49:09.873 -> 1,1,1,-319,2,-470,3,-108
16:49:09.941 -> 1,1,1,-331,2,-487,3,-127
16:49:10.044 -> 1,1,1,-312,2,-456,3,-104
16:49:10.113 -> 1,1,1,-321,2,-464,3,-101
16:49:10.182 -> 1,1,1,-316,2,-475,3,-83
16:49:10.250 -> 1,1,1,-328,2,-469,3,-103
16:49:10.318 -> 1,1,1,-323,2,-466,3,-115
16:49:10.423 -> 1,1,1,-307,2,-463,3,-102
16:49:10.492 -> 1,1,1,-325,2,-439,3,-102
16:49:10.560 -> 1,1,1,-323,2,-456,3,-112
16:49:10.663 -> 1,1,1,-336,2,-461,3,-112
16:49:10.732 -> 1,1,1,-307,2,-482,3,-119
16:49:10.836 -> 1,1,1,-334,2,-475,3,-92
16:49:10.905 -> 1,1,1,-309,2,-484,3,-99
16:49:10.975 -> 1,1,1,-336,2,-465,3,-98
16:49:11.045 -> 1,1,1,-309,2,-461,3,-104
16:49:11.113 -> 1,1,1,-318,2,-452,3,-118
16:49:11.216 -> 1,1,1,-326,2,-456,3,-104
16:49:11.283 -> 1,1,1,-315,2,-453,3,-101
16:49:11.352 -> 1,1,1,-307,2,-466,3,-118
16:49:11.421 -> 1,1,1,-307,2,-460,3,-77
16:49:11.521 -> 1,1,1,-333,2,-485,3,-108
16:49:11.655 -> 1,1,1,-318,2,-437,3,-88
16:49:11.827 -> 1,1,1,-314,2,-463,3,-121
16:49:11.897 -> 1,1,1,-318,2,-460,3,-103
16:49:11.965 -> 1,1,1,-318,2,-440,3,-83
16:49:12.035 -> 1,1,1,-297,2,-412,3,-103
16:49:12.138 -> 1,1,1,-320,2,-471,3,-86
16:49:12.206 -> 1,1,1,-310,2,-435,3,-84
16:49:12.275 -> 1,1,1,-293,2,-439,3,-76
16:49:12.345 -> 1,1,1,-321,2,-426,3,-105
16:49:12.413 -> 1,1,1,-300,2,-434,3,-111
16:49:12.550 -> 1,1,1,-300,2,-455,3,-84
16:49:12.619 -> 1,1,1,-304,2,-428,3,-118
16:49:12.688 -> 1,1,1,-307,2,-434,3,-114
16:49:12.758 -> 1,1,1,-303,2,-436,3,-89
16:49:12.826 -> 1,1,1,-312,2,-428,3,-99
16:49:12.931 -> 1,1,1,-312,2,-418,3,-94
16:49:13.001 -> 1,1,1,-300,2,-441,3,-100
16:49:13.069 -> 1,1,1,-310,2,-440,3,-75
16:49:13.138 -> 1,1,1,-309,2,-417,3,-82
16:49:13.207 -> 1,1,1,-315,2,-435,3,-99
16:49:13.309 -> 1,1,1,-307,2,-440,3,-88
16:49:13.412 -> 1,1,1,-330,2,-439,3,-114
16:49:13.480 -> 1,1,1,-300,2,-430,3,-114
16:49:13.549 -> 1,1,1,-306,2,-439,3,-100
16:49:13.617 -> 1,1,1,-296,2,-445,3,-91
16:49:13.719 -> 1,1,1,-308,2,-441,3,-123
16:49:13.789 -> 1,1,1,-316,2,-454,3,-124
16:49:13.858 -> 1,1,1,-303,2,-465,3,-87
16:49:13.928 -> 1,1,1,-309,2,-425,3,-76
16:49:13.997 -> 1,1,1,-315,2,-442,3,-99
16:49:14.100 -> 1,1,1,-312,2,-428,3,-87
16:49:14.270 -> 1,1,1,-309,2,-434,3,-97
16:49:14.340 -> 1,1,1,-306,2,-421,3,-111
16:49:14.409 -> 1,1,1,-308,2,-418,3,-82
16:49:14.513 -> 1,1,1,-316,2,-419,3,-99
16:49:14.580 -> 1,1,1,-315,2,-421,3,-87
16:49:14.648 -> 1,1,1,-308,2,-458,3,-82
16:49:14.718 -> 1,1,1,-309,2,-439,3,-74
16:49:14.787 -> 1,1,1,-301,2,-433,3,-97
16:49:14.889 -> 1,1,1,-313,2,-430,3,-61
16:49:14.991 -> 1,1,1,-297,2,-448,3,-84
16:49:15.195 -> 1,1,1,-309,2,-429,3,-72
16:49:15.263 -> 1,1,1,-313,2,-451,3,-83
16:49:15.332 -> 1,1,1,-305,2,-433,3,-79
16:49:15.435 -> 1,1,1,-303,2,-422,3,-89
16:49:15.504 -> 1,1,1,-301,2,-420,3,-83
16:49:15.572 -> 1,1,1,-300,2,-415,3,-95
16:49:15.640 -> 1,1,1,-308,2,-462,3,-98
16:49:15.709 -> 1,1,1,-310,2,-444,3,-72
16:49:15.813 -> 1,1,1,-304,2,-431,3,-62
16:49:15.882 -> 1,1,1,-304,2,-441,3,-92
16:49:15.985 -> 1,1,1,-305,2,-445,3,-87
16:49:16.053 -> 1,1,1,-304,2,-436,3,-89
16:49:16.120 -> 1,1,1,-299,2,-442,3,-96
16:49:16.223 -> 1,1,1,-285,2,-432,3,-87
16:49:16.291 -> 1,1,1,-308,2,-431,3,-72
16:49:16.360 -> 1,1,1,-302,2,-428,3,-102
16:49:16.429 -> 1,1,1,-297,2,-414,3,-86
16:49:16.498 -> 1,1,1,-316,2,-423,3,-106
16:49:16.601 -> 1,1,1,-295,2,-428,3,-97
16:49:16.669 -> 1,1,1,-305,2,-437,3,-94
16:49:16.771 -> 1,1,1,-313,2,-425,3,-67
16:49:16.840 -> 1,1,1,-297,2,-439,3,-102
16:49:16.909 -> 1,1,1,-320,2,-416,3,-92
16:49:17.013 -> 1,1,1,-301,2,-460,3,-91
16:49:17.082 -> 1,1,1,-293,2,-422,3,-107
16:49:17.151 -> 1,1,1,-306,2,-430,3,-90
16:49:17.220 -> 1,1,1,-294,2,-420,3,-101
16:49:17.289 -> 1,1,1,-320,2,-466,3,-98
16:49:17.391 -> 1,1,1,-309,2,-432,3,-94
16:49:17.461 -> 1,1,1,-302,2,-436,3,-98
16:49:17.529 -> 1,1,1,-303,2,-417,3,-69
16:49:17.632 -> 1,1,1,-317,2,-443,3,-80
16:49:17.700 -> 1,1,1,-301,2,-416,3,-71
16:49:17.801 -> 1,1,1,-319,2,-408,3,-105
16:49:17.870 -> 1,1,1,-314,2,-432,3,-103
16:49:17.938 -> 1,1,1,-307,2,-422,3,-69
16:49:18.006 -> 1,1,1,-297,2,-426,3,-75
16:49:18.075 -> 1,1,1,-307,2,-421,3,-70
16:49:18.179 -> 1,1,1,-295,2,-412,3,-102
16:49:18.248 -> 1,1,1,-317,2,-424,3,-96
16:49:18.351 -> 1,1,1,-291,2,-444,3,-52
16:49:18.557 -> 1,1,1,-300,2,-450,3,-31
16:49:18.627 -> 1,1,1,-291,2,-415,3,-78
16:49:18.729 -> 1,1,1,-324,2,-432,3,-91
16:49:18.798 -> 1,1,1,-316,2,-459,3,-89
16:49:18.866 -> 1,1,1,-294,2,-455,3,-77
16:49:19.002 -> 1,1,1,-316,2,-440,3,-86
16:49:19.107 -> 1,1,1,-304,2,-426,3,-84
16:49:19.176 -> 1,1,1,-290,2,-457,3,-68
16:49:19.245 -> 1,1,1,-306,2,-432,3,-81
16:49:19.314 -> 1,1,1,-319,2,-429,3,-90
16:49:19.383 -> 1,1,1,-327,2,-435,3,-92
16:49:19.518 -> 1,1,1,-302,2,-455,3,-73
16:49:19.585 -> 1,1,1,-311,2,-424,3,-96
16:49:19.653 -> 1,1,1,-317,2,-444,3,-88
16:49:19.722 -> 1,1,1,-304,2,-452,3,-46
16:49:19.790 -> 1,1,1,-314,2,-455,3,-82
16:49:19.892 -> 1,1,1,-309,2,-449,3,-70
16:49:19.960 -> 1,1,1,-313,2,-452,3,-92
16:49:20.061 -> 1,1,1,-299,2,-439,3,-85
16:49:20.130 -> 1,1,1,-305,2,-427,3,-81
16:49:20.198 -> 1,1,1,-302,2,-452,3,-84
16:49:20.301 -> 1,1,1,-299,2,-453,3,-74
16:49:20.371 -> 1,1,1,-310,2,-435,3,-104
16:49:20.441 -> 1,1,1,-302,2,-459,3,-81
16:49:20.509 -> 1,1,1,-311,2,-443,3,-79
16:49:20.578 -> 1,1,1,-304,2,-449,3,-76
16:49:20.681 -> 1,1,1,-325,2,-445,3,-76
16:49:20.748 -> 1,1,1,-306,2,-433,3,-89
16:49:20.817 -> 1,1,1,-301,2,-427,3,-83
16:49:20.920 -> 1,1,1,-314,2,-459,3,-90
16:49:20.990 -> 1,1,1,-302,2,-441,3,-63
16:49:21.093 -> 1,1,1,-307,2,-424,3,-80
16:49:21.163 -> 1,1,1,-294,2,-449,3,-76
16:49:21.230 -> 1,1,1,-305,2,-428,3,-39
16:49:21.299 -> 1,1,1,-308,2,-452,3,-90
16:49:21.367 -> 1,1,1,-318,2,-453,3,-85
16:49:21.469 -> 1,1,1,-288,2,-423,3,-80
16:49:21.536 -> 1,1,1,-318,2,-448,3,-96
16:49:21.638 -> 1,1,1,-317,2,-433,3,-98
16:49:21.739 -> 1,1,1,-315,2,-435,3,-118
16:49:21.909 -> 1,1,1,-295,2,-431,3,-114
16:49:22.013 -> 1,1,1,-296,2,-472,3,-101
16:49:22.082 -> 1,1,1,-308,2,-443,3,-116
16:49:22.150 -> 1,1,1,-320,2,-449,3,-122
16:49:22.217 -> 1,1,1,-322,2,-442,3,-123
16:49:22.287 -> 1,1,1,-322,2,-467,3,-122
16:49:22.388 -> 1,1,1,-305,2,-446,3,-126
16:49:22.457 -> 1,1,1,-287,2,-438,3,-75
16:49:22.559 -> 1,1,1,-307,2,-460,3,-99
16:49:22.627 -> 1,1,1,-292,2,-428,3,-82
16:49:22.696 -> 1,1,1,-314,2,-444,3,-105
16:49:22.800 -> 1,1,1,-316,2,-441,3,-107
16:49:22.866 -> 1,1,1,-309,2,-447,3,-105
16:49:22.934 -> 1,1,1,-321,2,-457,3,-105
16:49:23.003 -> 1,1,1,-306,2,-449,3,-116
16:49:23.072 -> 1,1,1,-318,2,-433,3,-120
16:49:23.174 -> 1,1,1,-299,2,-475,3,-86
16:49:23.277 -> 1,1,1,-309,2,-453,3,-88
16:49:23.345 -> 1,1,1,-325,2,-447,3,-106
16:49:23.415 -> 1,1,1,-327,2,-450,3,-137
16:49:23.484 -> 1,1,1,-302,2,-453,3,-94
16:49:23.587 -> 1,1,1,-317,2,-474,3,-81
16:49:23.657 -> 1,1,1,-305,2,-466,3,-122
16:49:23.725 -> 1,1,1,-310,2,-439,3,-107
16:49:23.793 -> 1,1,1,-308,2,-440,3,-74
16:49:23.862 -> 1,1,1,-303,2,-439,3,-112
16:49:23.963 -> 1,1,1,-317,2,-462,3,-108
16:49:24.065 -> 1,1,1,-316,2,-468,3,-118
16:49:24.132 -> 1,1,1,-315,2,-456,3,-127
16:49:24.201 -> 1,1,1,-318,2,-449,3,-125
16:49:24.269 -> 1,1,1,-317,2,-448,3,-116
16:49:24.372 -> 1,1,1,-318,2,-451,3,-103
16:49:24.440 -> 1,1,1,-290,2,-430,3,-123
16:49:24.508 -> 1,1,1,-318,2,-447,3,-112
16:49:24.576 -> 1,1,1,-307,2,-460,3,-105
16:49:24.646 -> 1,1,1,-308,2,-459,3,-112
16:49:24.749 -> 1,1,1,-311,2,-471,3,-111
16:49:24.850 -> 1,1,1,-319,2,-494,3,-103
16:49:24.918 -> 1,1,1,-306,2,-435,3,-88
16:49:24.985 -> 1,1,1,-316,2,-439,3,-96
16:49:25.086 -> 1,1,1,-303,2,-457,3,-84
16:49:25.292 -> 1,1,1,-286,2,-455,3,-109
16:49:25.360 -> 1,1,1,-308,2,-440,3,-95
16:49:25.429 -> 1,1,1,-322,2,-447,3,-95
16:49:25.496 -> 1,1,1,-305,2,-431,3,-72
16:49:25.564 -> 1,1,1,-298,2,-450,3,-72
16:49:25.701 -> 1,1,1,-320,2,-454,3,-112
16:49:25.769 -> 1,1,1,-296,2,-447,3,-83
16:49:25.838 -> 1,1,1,-324,2,-452,3,-105
16:49:25.906 -> 1,1,1,-316,2,-447,3,-96
16:49:25.975 -> 1,1,1,-316,2,-462,3,-108
16:49:26.080 -> 1,1,1,-303,2,-464,3,-91
16:49:26.150 -> 1,1,1,-308,2,-450,3,-72
16:49:26.218 -> 1,1,1,-298,2,-444,3,-96
16:49:26.286 -> 1,1,1,-306,2,-440,3,-82
16:49:26.353 -> 1,1,1,-316,2,-452,3,-107
16:49:26.486 -> 1,1,1,-296,2,-455,3,-70
16:49:26.554 -> 1,1,1,-293,2,-489,3,-107
16:49:26.621 -> 1,1,1,-313,2,-449,3,-103
16:49:26.691 -> 1,1,1,-310,2,-482,3,-89
16:49:26.929 -> 1,1,1,-308,2,-445,3,-81
16:49:26.998 -> 1,1,1,-296,2,-436,3,-87
16:49:27.102 -> 1,1,1,-305,2,-478,3,-95
16:49:27.169 -> 1,1,1,-302,2,-466,3,-78
16:49:27.273 -> 1,1,1,-326,2,-438,3,-74
16:49:27.343 -> 1,1,1,-304,2,-436,3,-85
16:49:27.411 -> 1,1,1,-305,2,-427,3,-83
16:49:27.479 -> 1,1,1,-308,2,-480,3,-96
16:49:27.547 -> 1,1,1,-314,2,-461,3,-96
16:49:27.651 -> 1,1,1,-323,2,-460,3,-102
16:49:27.720 -> 1,1,1,-298,2,-453,3,-98
16:49:27.788 -> 1,1,1,-303,2,-454,3,-94
16:49:27.890 -> 1,1,1,-312,2,-499,3,-103
16:49:27.959 -> 1,1,1,-324,2,-437,3,-99
16:49:28.062 -> 1,1,1,-312,2,-456,3,-83
16:49:28.130 -> 1,1,1,-313,2,-446,3,-115
16:49:28.200 -> 1,1,1,-303,2,-429,3,-84
16:49:28.269 -> 1,1,1,-323,2,-461,3,-104
16:49:28.337 -> 1,1,1,-312,2,-452,3,-47
16:49:28.474 -> 1,1,1,-316,2,-443,3,-100
16:49:28.643 -> 1,1,1,-310,2,-457,3,-109
16:49:28.711 -> 1,1,1,-289,2,-444,3,-98
16:49:28.779 -> 1,1,1,-306,2,-463,3,-98
16:49:28.883 -> 1,1,1,-306,2,-460,3,-44
16:49:28.985 -> 1,1,1,-302,2,-478,3,-104
16:49:29.053 -> 1,1,1,-330,2,-481,3,-109
16:49:29.121 -> 1,1,1,-303,2,-459,3,-112
16:49:29.188 -> 1,1,1,-300,2,-467,3,-83
16:49:29.257 -> 1,1,1,-319,2,-452,3,-110
16:49:29.361 -> 1,1,1,-300,2,-425,3,-87
16:49:29.429 -> 1,1,1,-295,2,-449,3,-116
16:49:29.497 -> 1,1,1,-306,2,-464,3,-124
16:49:29.600 -> 1,1,1,-309,2,-443,3,-115
16:49:29.669 -> 1,1,1,-313,2,-481,3,-129
16:49:29.770 -> 1,1,1,-301,2,-496,3,-93
16:49:29.837 -> 1,1,1,-323,2,-480,3,-124
16:49:29.906 -> 1,1,1,-298,2,-449,3,-61
16:49:29.973 -> 1,1,1,-320,2,-446,3,-103
16:49:30.042 -> 1,1,1,-303,2,-476,3,-77
16:49:30.144 -> 1,1,1,-299,2,-455,3,-99
16:49:30.246 -> 1,1,1,-304,2,-444,3,-87
16:49:30.312 -> 1,1,1,-307,2,-456,3,-114
16:49:30.379 -> 1,1,1,-302,2,-458,3,-112
16:49:30.447 -> 1,1,1,-301,2,-462,3,-124
16:49:30.549 -> 1,1,1,-305,2,-461,3,-110
16:49:30.616 -> 1,1,1,-308,2,-449,3,-110
16:49:30.684 -> 1,1,1,-311,2,-442,3,-128
16:49:30.753 -> 1,1,1,-299,2,-468,3,-101
16:49:30.854 -> 1,1,1,-306,2,-454,3,-118
16:49:30.956 -> 1,1,1,-312,2,-444,3,-101
16:49:31.024 -> 1,1,1,-307,2,-448,3,-100
16:49:31.092 -> 1,1,1,-297,2,-453,3,-100
16:49:31.161 -> 1,1,1,-308,2,-475,3,-70
16:49:31.228 -> 1,1,1,-319,2,-476,3,-121
16:49:31.328 -> 1,1,1,-309,2,-458,3,-78
16:49:31.429 -> 1,1,1,-312,2,-426,3,-125
16:49:31.498 -> 1,1,1,-313,2,-437,3,-118
16:49:31.567 -> 1,1,1,-298,2,-460,3,-98
16:49:31.636 -> 1,1,1,-294,2,-455,3,-106
16:49:31.739 -> 1,1,1,-310,2,-458,3,-117
16:49:31.840 -> 1,1,1,-315,2,-402,3,-106
16:49:32.011 -> 1,1,1,-314,2,-437,3,-100
16:49:32.080 -> 1,1,1,-305,2,-419,3,-76
16:49:32.148 -> 1,1,1,-307,2,-443,3,-110
16:49:32.248 -> 1,1,1,-309,2,-450,3,-91
16:49:32.350 -> 1,1,1,-302,2,-416,3,-110
16:49:32.419 -> 1,1,1,-299,2,-424,3,-83
16:49:32.487 -> 1,1,1,-304,2,-437,3,-88
16:49:32.553 -> 1,1,1,-313,2,-433,3,-99
16:49:32.656 -> 1,1,1,-304,2,-419,3,-105
16:49:32.724 -> 1,1,1,-297,2,-419,3,-102
16:49:32.791 -> 1,1,1,-311,2,-458,3,-90
16:49:32.859 -> 1,1,1,-320,2,-444,3,-117
16:49:32.961 -> 1,1,1,-324,2,-432,3,-73
16:49:33.064 -> 1,1,1,-311,2,-431,3,-76
16:49:33.131 -> 1,1,1,-311,2,-438,3,-102
16:49:33.198 -> 1,1,1,-315,2,-424,3,-91
16:49:33.265 -> 1,1,1,-308,2,-434,3,-107
16:49:33.332 -> 1,1,1,-327,2,-443,3,-97
16:49:33.436 -> 1,1,1,-310,2,-435,3,-111
16:49:33.505 -> 1,1,1,-293,2,-435,3,-82
16:49:33.607 -> 1,1,1,-313,2,-446,3,-91
16:49:33.674 -> 1,1,1,-317,2,-446,3,-57
16:49:33.742 -> 1,1,1,-313,2,-420,3,-77
16:49:33.844 -> 1,1,1,-314,2,-482,3,-96
16:49:33.912 -> 1,1,1,-315,2,-447,3,-82
16:49:33.980 -> 1,1,1,-324,2,-428,3,-98
16:49:34.047 -> 1,1,1,-310,2,-443,3,-104
16:49:34.116 -> 1,1,1,-306,2,-415,3,-108
16:49:34.251 -> 1,1,1,-307,2,-439,3,-98
16:49:34.320 -> 1,1,1,-291,2,-440,3,-92
16:49:34.388 -> 1,1,1,-319,2,-441,3,-104
16:49:34.455 -> 1,1,1,-320,2,-458,3,-114
16:49:34.523 -> 1,1,1,-344,2,-453,3,-82
16:49:34.625 -> 1,1,1,-316,2,-433,3,-109
16:49:34.693 -> 1,1,1,-311,2,-441,3,-106
16:49:34.760 -> 1,1,1,-315,2,-413,3,-97
16:49:34.862 -> 1,1,1,-304,2,-436,3,-69
16:49:35.100 -> 1,1,1,-303,2,-430,3,-104
16:49:35.203 -> 1,1,1,-308,2,-424,3,-102
16:49:35.374 -> 1,1,1,-306,2,-441,3,-116
16:49:35.444 -> 1,1,1,-318,2,-434,3,-96
16:49:35.545 -> 1,1,1,-316,2,-458,3,-77
16:49:35.612 -> 1,1,1,-303,2,-435,3,-58
16:49:35.713 -> 1,1,1,-305,2,-459,3,-92
16:49:35.780 -> 1,1,1,-311,2,-447,3,-82
16:49:35.848 -> 1,1,1,-315,2,-437,3,-93
16:49:35.950 -> 1,1,1,-318,2,-450,3,-95
16:49:36.020 -> 1,1,1,-317,2,-447,3,-106
16:49:36.088 -> 1,1,1,-305,2,-437,3,-109
16:49:36.123 -> 1,1,1,-305,2,-437,3,-109
16:49:36.329 -> 1,1,1,-295,2,-414,3,-94
16:49:36.398 -> 1,1,1,-310,2,-447,3,-102
16:49:36.502 -> 1,1,1,-312,2,-441,3,-83
16:49:36.570 -> 1,1,1,-295,2,-431,3,-95
16:49:36.640 -> 1,1,1,-288,2,-424,3,-87
16:49:36.743 -> 1,1,1,-301,2,-434,3,-101
16:49:36.811 -> 1,1,1,-308,2,-437,3,-87
16:49:36.881 -> 1,1,1,-313,2,-431,3,-95
16:49:36.950 -> 1,1,1,-317,2,-436,3,-120
16:49:37.018 -> 1,1,1,-301,2,-450,3,-110
16:49:37.123 -> 1,1,1,-312,2,-439,3,-88
16:49:37.190 -> 1,1,1,-303,2,-435,3,-82
16:49:37.259 -> 1,1,1,-323,2,-438,3,-91
16:49:37.362 -> 1,1,1,-316,2,-451,3,-53
16:49:37.431 -> 1,1,1,-314,2,-442,3,-90
16:49:37.534 -> 1,1,1,-301,2,-434,3,-65
16:49:37.602 -> 1,1,1,-300,2,-408,3,-104
16:49:37.670 -> 1,1,1,-314,2,-428,3,-85
16:49:37.739 -> 1,1,1,-292,2,-430,3,-83
16:49:37.808 -> 1,1,1,-310,2,-433,3,-111
16:49:37.912 -> 1,1,1,-322,2,-446,3,-88
16:49:37.980 -> 1,1,1,-308,2,-445,3,-109
16:49:38.049 -> 1,1,1,-303,2,-421,3,-91
16:49:38.151 -> 1,1,1,-309,2,-452,3,-96
16:49:38.220 -> 1,1,1,-313,2,-440,3,-104
16:49:38.324 -> 1,1,1,-311,2,-458,3,-76
16:49:38.392 -> 1,1,1,-306,2,-435,3,-103
16:49:38.460 -> 1,1,1,-322,2,-425,3,-93
16:49:38.563 -> 1,1,1,-313,2,-441,3,-91
16:49:38.735 -> 1,1,1,-304,2,-435,3,-75
16:49:38.838 -> 1,1,1,-304,2,-429,3,-92
16:49:38.906 -> 1,1,1,-307,2,-452,3,-104
16:49:38.975 -> 1,1,1,-310,2,-418,3,-87
16:49:39.045 -> 1,1,1,-308,2,-439,3,-101
16:49:39.115 -> 1,1,1,-299,2,-424,3,-96
16:49:39.253 -> 1,1,1,-306,2,-450,3,-99
16:49:39.322 -> 1,1,1,-310,2,-436,3,-88
16:49:39.391 -> 1,1,1,-315,2,-434,3,-106
16:49:39.459 -> 1,1,1,-301,2,-440,3,-101
16:49:39.528 -> 1,1,1,-303,2,-464,3,-96
16:49:39.630 -> 1,1,1,-304,2,-440,3,-78
16:49:39.699 -> 1,1,1,-314,2,-459,3,-86
16:49:39.766 -> 1,1,1,-307,2,-461,3,-105
16:49:39.832 -> 1,1,1,-307,2,-440,3,-93
16:49:39.934 -> 1,1,1,-316,2,-453,3,-115
16:49:40.036 -> 1,1,1,-317,2,-453,3,-107
16:49:40.104 -> 1,1,1,-310,2,-413,3,-99
16:49:40.173 -> 1,1,1,-304,2,-436,3,-121
16:49:40.241 -> 1,1,1,-306,2,-435,3,-106
16:49:40.311 -> 1,1,1,-313,2,-446,3,-82
16:49:40.414 -> 1,1,1,-311,2,-444,3,-119
16:49:40.482 -> 1,1,1,-293,2,-424,3,-98
16:49:40.550 -> 1,1,1,-306,2,-462,3,-132
16:49:40.652 -> 1,1,1,-309,2,-440,3,-119
16:49:40.721 -> 1,1,1,-307,2,-452,3,-107
16:49:40.824 -> 1,1,1,-304,2,-461,3,-97
16:49:40.893 -> 1,1,1,-318,2,-436,3,-93
16:49:40.960 -> 1,1,1,-314,2,-426,3,-101
16:49:41.028 -> 1,1,1,-324,2,-463,3,-111
16:49:41.097 -> 1,1,1,-304,2,-430,3,-116
16:49:41.199 -> 1,1,1,-314,2,-447,3,-137
16:49:41.267 -> 1,1,1,-320,2,-447,3,-110
16:49:41.370 -> 1,1,1,-303,2,-424,3,-108
16:49:41.439 -> 1,1,1,-312,2,-470,3,-85
16:49:41.508 -> 1,1,1,-304,2,-426,3,-115
16:49:41.611 -> 1,1,1,-304,2,-449,3,-101
16:49:41.680 -> 1,1,1,-315,2,-437,3,-116
16:49:41.749 -> 1,1,1,-314,2,-434,3,-105
16:49:41.818 -> 1,1,1,-320,2,-436,3,-117
16:49:41.920 -> 1,1,1,-304,2,-445,3,-96
16:49:42.126 -> 1,1,1,-306,2,-415,3,-83
16:49:42.195 -> 1,1,1,-310,2,-440,3,-122
16:49:42.264 -> 1,1,1,-306,2,-416,3,-86
16:49:42.333 -> 1,1,1,-319,2,-407,3,-104
16:49:42.435 -> 1,1,1,-313,2,-430,3,-113
16:49:42.539 -> 1,1,1,-310,2,-413,3,-71
16:49:42.607 -> 1,1,1,-316,2,-449,3,-114
16:49:42.676 -> 1,1,1,-298,2,-407,3,-96
16:49:42.744 -> 1,1,1,-311,2,-394,3,-116
16:49:42.813 -> 1,1,1,-316,2,-436,3,-91
16:49:42.915 -> 1,1,1,-307,2,-415,3,-115
16:49:42.984 -> 1,1,1,-305,2,-457,3,-92
16:49:43.052 -> 1,1,1,-315,2,-426,3,-105
16:49:43.120 -> 1,1,1,-320,2,-427,3,-81
16:49:43.223 -> 1,1,1,-316,2,-438,3,-117
16:49:43.326 -> 1,1,1,-312,2,-430,3,-115
16:49:43.394 -> 1,1,1,-313,2,-441,3,-81
16:49:43.464 -> 1,1,1,-304,2,-423,3,-94
16:49:43.532 -> 1,1,1,-316,2,-417,3,-109
16:49:43.600 -> 1,1,1,-313,2,-439,3,-128
16:49:43.839 -> 1,1,1,-318,2,-442,3,-93
16:49:43.941 -> 1,1,1,-285,2,-403,3,-56
16:49:44.009 -> 1,1,1,-314,2,-429,3,-112
16:49:44.111 -> 1,1,1,-311,2,-429,3,-111
16:49:44.180 -> 1,1,1,-308,2,-424,3,-102
16:49:44.250 -> 1,1,1,-315,2,-428,3,-104
16:49:44.318 -> 1,1,1,-289,2,-399,3,-100
16:49:44.386 -> 1,1,1,-320,2,-427,3,-120
16:49:44.489 -> 1,1,1,-311,2,-430,3,-125
16:49:44.556 -> 1,1,1,-307,2,-412,3,-111
16:49:44.658 -> 1,1,1,-305,2,-422,3,-111
16:49:44.727 -> 1,1,1,-307,2,-410,3,-122
16:49:44.797 -> 1,1,1,-311,2,-420,3,-113
16:49:44.901 -> 1,1,1,-324,2,-443,3,-109
16:49:44.968 -> 1,1,1,-322,2,-445,3,-111
16:49:45.036 -> 1,1,1,-316,2,-403,3,-70
16:49:45.104 -> 1,1,1,-314,2,-426,3,-111
16:49:45.173 -> 1,1,1,-310,2,-430,3,-111
16:49:45.309 -> 1,1,1,-302,2,-471,3,-91
16:49:45.479 -> 1,1,1,-302,2,-466,3,-98
16:49:45.580 -> 1,1,1,-322,2,-450,3,-79
16:49:45.648 -> 1,1,1,-319,2,-460,3,-113
16:49:45.717 -> 1,1,1,-305,2,-471,3,-80
16:49:45.820 -> 1,1,1,-316,2,-466,3,-91
16:49:45.889 -> 1,1,1,-301,2,-445,3,-102
16:49:45.957 -> 1,1,1,-317,2,-440,3,-86
16:49:46.025 -> 1,1,1,-311,2,-479,3,-114
16:49:46.094 -> 1,1,1,-302,2,-464,3,-102
16:49:46.195 -> 1,1,1,-308,2,-453,3,-94
16:49:46.297 -> 1,1,1,-305,2,-453,3,-82
16:49:46.366 -> 1,1,1,-304,2,-447,3,-107
16:49:46.435 -> 1,1,1,-314,2,-458,3,-115
16:49:46.505 -> 1,1,1,-313,2,-463,3,-107
16:49:46.608 -> 1,1,1,-323,2,-480,3,-78
16:49:46.678 -> 1,1,1,-317,2,-463,3,-91
16:49:46.747 -> 1,1,1,-308,2,-458,3,-83
16:49:46.814 -> 1,1,1,-303,2,-426,3,-115
16:49:46.882 -> 1,1,1,-304,2,-458,3,-105
16:49:46.985 -> 1,1,1,-317,2,-455,3,-92
16:49:47.055 -> 1,1,1,-308,2,-454,3,-98
16:49:47.158 -> 1,1,1,-319,2,-478,3,-135
16:49:47.228 -> 1,1,1,-325,2,-459,3,-109
16:49:47.295 -> 1,1,1,-310,2,-476,3,-96
16:49:47.398 -> 1,1,1,-298,2,-482,3,-110
16:49:47.468 -> 1,1,1,-316,2,-487,3,-85
16:49:47.538 -> 1,1,1,-305,2,-447,3,-97
16:49:47.605 -> 1,1,1,-300,2,-451,3,-109
16:49:47.673 -> 1,1,1,-300,2,-466,3,-89
16:49:47.776 -> 1,1,1,-303,2,-464,3,-110
16:49:47.844 -> 1,1,1,-319,2,-465,3,-125
16:49:47.948 -> 1,1,1,-313,2,-455,3,-122
16:49:48.016 -> 1,1,1,-308,2,-462,3,-81
16:49:48.084 -> 1,1,1,-286,2,-440,3,-95
16:49:48.187 -> 1,1,1,-311,2,-450,3,-107
16:49:48.257 -> 1,1,1,-324,2,-444,3,-84
16:49:48.325 -> 1,1,1,-296,2,-469,3,-96
16:49:48.393 -> 1,1,1,-315,2,-460,3,-141
16:49:48.460 -> 1,1,1,-299,2,-471,3,-102
16:49:48.563 -> 1,1,1,-304,2,-461,3,-91
16:49:48.665 -> 1,1,1,-294,2,-471,3,-85