16:53:32.095 -> 1,1,1,-2071,2,-1113,3,388
16:53:32.163 -> 1,1,1,-2069,2,-1136,3,419
16:53:32.231 -> 1,1,1,-2077,2,-1108,3,399
16:53:32.298 -> 1,1,1,-2080,2,-1111,3,413
16:53:32.366 -> 1,1,1,-2080,2,-1131,3,409
16:53:32.469 -> 1,1,1,-2069,2,-1129,3,406
16:53:32.538 -> 1,1,1,-2056,2,-1099,3,393
16:53:32.639 -> 1,1,1,-2075,2,-1110,3,374
16:53:32.707 -> 1,1,1,-2067,2,-1156,3,420
16:53:32.775 -> 1,1,1,-2082,2,-1123,3,390
16:53:32.878 -> 1,1,1,-2074,2,-1128,3,409
16:53:32.946 -> 1,1,1,-2065,2,-1119,3,387
16:53:33.014 -> 1,1,1,-2067,2,-1114,3,417
16:53:33.082 -> 1,1,1,-2071,2,-1121,3,389
16:53:33.150 -> 1,1,1,-2072,2,-1122,3,400
16:53:33.285 -> 1,1,1,-2074,2,-1099,3,386
16:53:33.352 -> 1,1,1,-2059,2,-1124,3,399
16:53:33.420 -> 1,1,1,-2081,2,-1130,3,411
16:53:33.488 -> 1,1,1,-2066,2,-1094,3,418
16:53:33.558 -> 1,1,1,-2076,2,-1110,3,404
16:53:33.660 -> 1,1,1,-2075,2,-1129,3,376
16:53:33.727 -> 1,1,1,-2075,2,-1128,3,422
16:53:33.795 -> 1,1,1,-2064,2,-1096,3,421
16:53:33.863 -> 1,1,1,-2072,2,-1103,3,394
16:53:33.966 -> 1,1,1,-2065,2,-1099,3,417
16:53:34.068 -> 1,1,1,-2081,2,-1120,3,408
16:53:34.137 -> 1,1,1,-2059,2,-1125,3,409
16:53:34.205 -> 1,1,1,-2066,2,-1149,3,409
16:53:34.307 -> 1,1,1,-2086,2,-1120,3,355
16:53:34.477 -> 1,1,1,-2077,2,-1115,3,368
16:53:34.580 -> 1,1,1,-2084,2,-1131,3,392
16:53:34.649 -> 1,1,1,-2077,2,-1110,3,368
16:53:34.718 -> 1,1,1,-2072,2,-1117,3,364
16:53:34.787 -> 1,1,1,-2080,2,-1085,3,342
16:53:34.889 -> 1,1,1,-2073,2,-1093,3,362
16:53:34.991 -> 1,1,1,-2078,2,-1103,3,363
16:53:35.059 -> 1,1,1,-2067,2,-1099,3,370
16:53:35.127 -> 1,1,1,-2071,2,-1104,3,357
16:53:35.196 -> 1,1,1,-2077,2,-1086,3,389
16:53:35.262 -> 1,1,1,-2075,2,-1089,3,376
16:53:35.363 -> 1,1,1,-2084,2,-1106,3,362
16:53:35.433 -> 1,1,1,-2095,2,-1116,3,369
16:53:35.534 -> 1,1,1,-2080,2,-1101,3,370
16:53:35.603 -> 1,1,1,-2071,2,-1108,3,382
16:53:35.671 -> 1,1,1,-2068,2,-1117,3,376
16:53:35.772 -> 1,1,1,-2071,2,-1115,3,354
16:53:35.839 -> 1,1,1,-2067,2,-1091,3,356
16:53:35.906 -> 1,1,1,-2079,2,-1104,3,376
16:53:35.973 -> 1,1,1,-2081,2,-1089,3,360
16:53:36.042 -> 1,1,1,-2068,2,-1119,3,380
16:53:36.177 -> 1,1,1,-2059,2,-1083,3,381
16:53:36.246 -> 1,1,1,-2086,2,-1104,3,373
16:53:36.314 -> 1,1,1,-2073,2,-1117,3,371
16:53:36.382 -> 1,1,1,-2081,2,-1089,3,363
16:53:36.451 -> 1,1,1,-2088,2,-1095,3,402
16:53:36.554 -> 1,1,1,-2078,2,-1096,3,366
16:53:36.623 -> 1,1,1,-2060,2,-1125,3,362
16:53:36.690 -> 1,1,1,-2076,2,-1106,3,383
16:53:36.758 -> 1,1,1,-2073,2,-1126,3,378
16:53:36.859 -> 1,1,1,-2075,2,-1100,3,364
16:53:36.964 -> 1,1,1,-2071,2,-1151,3,377
16:53:37.031 -> 1,1,1,-2081,2,-1109,3,340
16:53:37.100 -> 1,1,1,-2067,2,-1131,3,361
16:53:37.168 -> 1,1,1,-2063,2,-1094,3,382
16:53:37.237 -> 1,1,1,-2079,2,-1101,3,342
16:53:37.337 -> 1,1,1,-2058,2,-1104,3,367
16:53:37.404 -> 1,1,1,-2070,2,-1116,3,345
16:53:37.506 -> 1,1,1,-2053,2,-1069,3,401
16:53:37.574 -> 1,1,1,-2063,2,-1074,3,357
16:53:37.678 -> 1,1,1,-2074,2,-1106,3,415
16:53:37.882 -> 1,1,1,-2080,2,-1102,3,395
16:53:37.951 -> 1,1,1,-2077,2,-1119,3,402
16:53:38.019 -> 1,1,1,-2092,2,-1128,3,406
16:53:38.088 -> 1,1,1,-2092,2,-1120,3,392
16:53:38.156 -> 1,1,1,-2083,2,-1109,3,382
16:53:38.259 -> 1,1,1,-2070,2,-1129,3,403
16:53:38.326 -> 1,1,1,-2090,2,-1107,3,382
16:53:38.430 -> 1,1,1,-2088,2,-1111,3,397
16:53:38.498 -> 1,1,1,-2081,2,-1110,3,396
16:53:38.568 -> 1,1,1,-2081,2,-1106,3,403
16:53:38.670 -> 1,1,1,-2089,2,-1098,3,401
16:53:38.737 -> 1,1,1,-2080,2,-1112,3,395
16:53:38.804 -> 1,1,1,-2082,2,-1111,3,390
16:53:38.939 -> 1,1,1,-2091,2,-1112,3,407
16:53:39.043 -> 1,1,1,-2083,2,-1113,3,395
16:53:39.146 -> 1,1,1,-2074,2,-1100,3,404
16:53:39.214 -> 1,1,1,-2077,2,-1098,3,381
16:53:39.282 -> 1,1,1,-2073,2,-1110,3,399
16:53:39.350 -> 1,1,1,-2077,2,-1100,3,415
16:53:39.452 -> 1,1,1,-2081,2,-1132,3,394
16:53:39.519 -> 1,1,1,-2069,2,-1107,3,405
16:53:39.589 -> 1,1,1,-2068,2,-1105,3,441
16:53:39.655 -> 1,1,1,-2087,2,-1104,3,407
16:53:39.724 -> 1,1,1,-2070,2,-1104,3,424
16:53:39.863 -> 1,1,1,-2077,2,-1108,3,402
16:53:39.929 -> 1,1,1,-2092,2,-1156,3,425
16:53:39.997 -> 1,1,1,-2089,2,-1146,3,411
16:53:40.065 -> 1,1,1,-2094,2,-1126,3,393
16:53:40.133 -> 1,1,1,-2082,2,-1101,3,417
16:53:40.234 -> 1,1,1,-2081,2,-1110,3,404
16:53:40.302 -> 1,1,1,-2095,2,-1116,3,406
16:53:40.370 -> 1,1,1,-2083,2,-1096,3,411
16:53:40.439 -> 1,1,1,-2079,2,-1091,3,406
16:53:40.541 -> 1,1,1,-2077,2,-1082,3,408
16:53:40.642 -> 1,1,1,-2080,2,-1106,3,384
16:53:40.712 -> 1,1,1,-2080,2,-1105,3,386
16:53:40.780 -> 1,1,1,-2076,2,-1103,3,407
16:53:40.847 -> 1,1,1,-2098,2,-1106,3,406
16:53:40.916 -> 1,1,1,-2077,2,-1105,3,417
16:53:41.055 -> 1,1,1,-2084,2,-1134,3,365
16:53:41.224 -> 1,1,1,-2077,2,-1113,3,395
16:53:41.290 -> 1,1,1,-2078,2,-1121,3,391
16:53:41.392 -> 1,1,1,-2088,2,-1104,3,368
16:53:41.460 -> 1,1,1,-2092,2,-1097,3,371
16:53:41.561 -> 1,1,1,-2073,2,-1143,3,380
16:53:41.630 -> 1,1,1,-2075,2,-1108,3,394
16:53:41.698 -> 1,1,1,-2079,2,-1099,3,384
16:53:41.766 -> 1,1,1,-2078,2,-1129,3,401
16:53:41.835 -> 1,1,1,-2086,2,-1111,3,374
16:53:41.938 -> 1,1,1,-2066,2,-1122,3,391
16:53:42.006 -> 1,1,1,-2074,2,-1112,3,394
16:53:42.108 -> 1,1,1,-2081,2,-1111,3,377
16:53:42.176 -> 1,1,1,-2078,2,-1107,3,396
16:53:42.244 -> 1,1,1,-2074,2,-1115,3,376
16:53:42.346 -> 1,1,1,-2080,2,-1142,3,362
16:53:42.414 -> 1,1,1,-2089,2,-1103,3,379
16:53:42.484 -> 1,1,1,-2089,2,-1148,3,383
16:53:42.552 -> 1,1,1,-2078,2,-1113,3,376
16:53:42.620 -> 1,1,1,-2072,2,-1128,3,402
16:53:42.757 -> 1,1,1,-2090,2,-1141,3,367
16:53:42.823 -> 1,1,1,-2093,2,-1128,3,370
16:53:42.892 -> 1,1,1,-2076,2,-1140,3,361
16:53:42.961 -> 1,1,1,-2076,2,-1109,3,386
16:53:43.027 -> 1,1,1,-2067,2,-1107,3,397
16:53:43.129 -> 1,1,1,-2084,2,-1115,3,374
16:53:43.196 -> 1,1,1,-2075,2,-1128,3,388
16:53:43.264 -> 1,1,1,-2075,2,-1121,3,395
16:53:43.332 -> 1,1,1,-2072,2,-1110,3,382
16:53:43.435 -> 1,1,1,-2087,2,-1115,3,400
16:53:43.538 -> 1,1,1,-2084,2,-1140,3,377
16:53:43.606 -> 1,1,1,-2082,2,-1149,3,401
16:53:43.674 -> 1,1,1,-2074,2,-1105,3,362
16:53:43.742 -> 1,1,1,-2073,2,-1117,3,401
16:53:43.810 -> 1,1,1,-2078,2,-1129,3,380
16:53:43.915 -> 1,1,1,-2082,2,-1125,3,395
16:53:43.983 -> 1,1,1,-2079,2,-1134,3,389
16:53:44.051 -> 1,1,1,-2071,2,-1101,3,399
16:53:44.151 -> 1,1,1,-2065,2,-1100,3,419
16:53:44.219 -> 1,1,1,-2053,2,-1112,3,402
16:53:44.322 -> 1,1,1,-2081,2,-1135,3,384
16:53:44.424 -> 1,1,1,-2083,2,-1135,3,392
16:53:44.594 -> 1,1,1,-2084,2,-1114,3,386
16:53:44.662 -> 1,1,1,-2073,2,-1118,3,397
16:53:44.732 -> 1,1,1,-2077,2,-1143,3,368
16:53:44.835 -> 1,1,1,-2070,2,-1106,3,379
16:53:44.904 -> 1,1,1,-2082,2,-1115,3,352
16:53:44.972 -> 1,1,1,-2076,2,-1099,3,359
16:53:45.073 -> 1,1,1,-2061,2,-1128,3,398
16:53:45.141 -> 1,1,1,-2081,2,-1137,3,379
16:53:45.242 -> 1,1,1,-2080,2,-1129,3,368
16:53:45.310 -> 1,1,1,-2067,2,-1134,3,389
16:53:45.378 -> 1,1,1,-2074,2,-1097,3,423
16:53:45.445 -> 1,1,1,-2070,2,-1130,3,389
16:53:45.512 -> 1,1,1,-2074,2,-1125,3,370
16:53:45.649 -> 1,1,1,-2069,2,-1122,3,398
16:53:45.717 -> 1,1,1,-2087,2,-1109,3,384
16:53:45.784 -> 1,1,1,-2077,2,-1134,3,403
16:53:45.851 -> 1,1,1,-2081,2,-1138,3,375
16:53:45.920 -> 1,1,1,-2072,2,-1123,3,378
16:53:46.022 -> 1,1,1,-2086,2,-1131,3,381
16:53:46.089 -> 1,1,1,-2088,2,-1129,3,387
16:53:46.157 -> 1,1,1,-2078,2,-1131,3,388
16:53:46.258 -> 1,1,1,-2077,2,-1105,3,380
16:53:46.327 -> 1,1,1,-2066,2,-1122,3,384
16:53:46.429 -> 1,1,1,-2086,2,-1149,3,387
16:53:46.498 -> 1,1,1,-2065,2,-1116,3,369
16:53:46.565 -> 1,1,1,-2079,2,-1112,3,382
16:53:46.635 -> 1,1,1,-2073,2,-1137,3,385
16:53:46.705 -> 1,1,1,-2077,2,-1149,3,383
16:53:46.807 -> 1,1,1,-2076,2,-1130,3,375
16:53:46.875 -> 1,1,1,-2087,2,-1121,3,355
16:53:46.976 -> 1,1,1,-2084,2,-1105,3,365
16:53:47.044 -> 1,1,1,-2066,2,-1108,3,376
16:53:47.112 -> 1,1,1,-2073,2,-1112,3,374
16:53:47.215 -> 1,1,1,-2083,2,-1119,3,387
16:53:47.281 -> 1,1,1,-2068,2,-1133,3,375
16:53:47.348 -> 1,1,1,-2080,2,-1114,3,392
16:53:47.418 -> 1,1,1,-2063,2,-1123,3,380
16:53:47.488 -> 1,1,1,-2069,2,-1111,3,394
16:53:47.590 -> 1,1,1,-2064,2,-1124,3,394
16:53:47.693 -> 1,1,1,-2075,2,-1119,3,378
16:53:47.794 -> 1,1,1,-2087,2,-1101,3,365
16:53:47.964 -> 1,1,1,-2079,2,-1102,3,379
16:53:48.030 -> 1,1,1,-2070,2,-1091,3,380
16:53:48.131 -> 1,1,1,-2082,2,-1100,3,380
16:53:48.198 -> 1,1,1,-2080,2,-1076,3,363
16:53:48.267 -> 1,1,1,-2086,2,-1116,3,380
16:53:48.335 -> 1,1,1,-2081,2,-1096,3,382
16:53:48.439 -> 1,1,1,-2076,2,-1101,3,366
16:53:48.542 -> 1,1,1,-2085,2,-1087,3,386
16:53:48.610 -> 1,1,1,-2075,2,-1122,3,393
16:53:48.678 -> 1,1,1,-2080,2,-1094,3,377
16:53:48.746 -> 1,1,1,-2082,2,-1135,3,387
16:53:48.813 -> 1,1,1,-2078,2,-1074,3,360
16:53:48.914 -> 1,1,1,-2076,2,-1071,3,386
16:53:48.984 -> 1,1,1,-2069,2,-1101,3,388
16:53:49.051 -> 1,1,1,-2080,2,-1098,3,378
16:53:49.154 -> 1,1,1,-2084,2,-1127,3,367
16:53:49.222 -> 1,1,1,-2083,2,-1090,3,378
16:53:49.323 -> 1,1,1,-2068,2,-1105,3,389
16:53:49.393 -> 1,1,1,-2077,2,-1111,3,398
16:53:49.460 -> 1,1,1,-2085,2,-1108,3,384
16:53:49.528 -> 1,1,1,-2090,2,-1120,3,382
16:53:49.596 -> 1,1,1,-2072,2,-1083,3,378
16:53:49.697 -> 1,1,1,-2087,2,-1122,3,391
16:53:49.799 -> 1,1,1,-2066,2,-1074,3,374
16:53:49.866 -> 1,1,1,-2083,2,-1115,3,377
16:53:49.935 -> 1,1,1,-2070,2,-1088,3,391
16:53:50.002 -> 1,1,1,-2076,2,-1094,3,393
16:53:50.107 -> 1,1,1,-2093,2,-1121,3,388
16:53:50.176 -> 1,1,1,-2077,2,-1084,3,373
16:53:50.245 -> 1,1,1,-2074,2,-1089,3,394
16:53:50.314 -> 1,1,1,-2075,2,-1095,3,394
16:53:50.383 -> 1,1,1,-2082,2,-1099,3,379
16:53:50.486 -> 1,1,1,-2073,2,-1103,3,410
16:53:50.588 -> 1,1,1,-2085,2,-1094,3,389
16:53:50.657 -> 1,1,1,-2060,2,-1122,3,393
16:53:50.724 -> 1,1,1,-2069,2,-1111,3,391
16:53:50.792 -> 1,1,1,-2084,2,-1087,3,391
16:53:50.892 -> 1,1,1,-2078,2,-1104,3,376
16:53:50.960 -> 1,1,1,-2080,2,-1107,3,398
16:53:51.027 -> 1,1,1,-2088,2,-1123,3,381
16:53:51.127 -> 1,1,1,-2072,2,-1146,3,360
16:53:51.330 -> 1,1,1,-2068,2,-1097,3,389
16:53:51.432 -> 1,1,1,-2068,2,-1119,3,384
16:53:51.501 -> 1,1,1,-2061,2,-1091,3,389
16:53:51.571 -> 1,1,1,-2065,2,-1121,3,376
16:53:51.639 -> 1,1,1,-2073,2,-1116,3,379
16:53:51.706 -> 1,1,1,-2086,2,-1130,3,364
16:53:51.978 -> 1,1,1,-2064,2,-1126,3,383
16:53:52.045 -> 1,1,1,-2068,2,-1134,3,376
16:53:52.114 -> 1,1,1,-2068,2,-1095,3,399
16:53:52.216 -> 1,1,1,-2073,2,-1104,3,377
16:53:52.285 -> 1,1,1,-2065,2,-1128,3,372
16:53:52.353 -> 1,1,1,-2075,2,-1132,3,358
16:53:52.421 -> 1,1,1,-2060,2,-1093,3,380
16:53:52.490 -> 1,1,1,-2082,2,-1125,3,364
16:53:52.593 -> 1,1,1,-2082,2,-1148,3,348
16:53:52.662 -> 1,1,1,-2087,2,-1134,3,357
16:53:52.763 -> 1,1,1,-2069,2,-1113,3,382
16:53:52.830 -> 1,1,1,-2076,2,-1135,3,383
16:53:52.898 -> 1,1,1,-2066,2,-1127,3,390
16:53:52.999 -> 1,1,1,-2067,2,-1156,3,386
16:53:53.068 -> 1,1,1,-2074,2,-1135,3,372
16:53:53.136 -> 1,1,1,-2086,2,-1145,3,386
16:53:53.205 -> 1,1,1,-2070,2,-1117,3,376
16:53:53.272 -> 1,1,1,-2063,2,-1152,3,385
16:53:53.407 -> 1,1,1,-2064,2,-1156,3,372
16:53:53.474 -> 1,1,1,-2068,2,-1122,3,368
16:53:53.542 -> 1,1,1,-2070,2,-1144,3,378
16:53:53.610 -> 1,1,1,-2070,2,-1143,3,382
16:53:53.677 -> 1,1,1,-2082,2,-1144,3,373
16:53:53.778 -> 1,1,1,-2082,2,-1118,3,383
16:53:53.845 -> 1,1,1,-2067,2,-1154,3,382
16:53:53.945 -> 1,1,1,-2062,2,-1138,3,378
16:53:54.013 -> 1,1,1,-2078,2,-1124,3,378
16:53:54.080 -> 1,1,1,-2080,2,-1112,3,354
16:53:54.180 -> 1,1,1,-2081,2,-1139,3,358
16:53:54.249 -> 1,1,1,-2072,2,-1134,3,379
16:53:54.317 -> 1,1,1,-2067,2,-1150,3,370
16:53:54.386 -> 1,1,1,-2079,2,-1120,3,355
16:53:54.487 -> 1,1,1,-2072,2,-1089,3,391
16:53:54.724 -> 1,1,1,-2081,2,-1093,3,393
16:53:54.791 -> 1,1,1,-2079,2,-1078,3,393
16:53:54.860 -> 1,1,1,-2081,2,-1102,3,393
16:53:54.927 -> 1,1,1,-2075,2,-1090,3,379
16:53:54.994 -> 1,1,1,-2072,2,-1097,3,371
16:53:55.097 -> 1,1,1,-2085,2,-1111,3,376
16:53:55.166 -> 1,1,1,-2078,2,-1096,3,392
16:53:55.269 -> 1,1,1,-2073,2,-1068,3,400
16:53:55.337 -> 1,1,1,-2085,2,-1115,3,399
16:53:55.406 -> 1,1,1,-2072,2,-1097,3,409
16:53:55.507 -> 1,1,1,-2074,2,-1080,3,393
16:53:55.574 -> 1,1,1,-2087,2,-1105,3,363
16:53:55.642 -> 1,1,1,-2083,2,-1127,3,399
16:53:55.711 -> 1,1,1,-2073,2,-1093,3,418
16:53:55.780 -> 1,1,1,-2078,2,-1085,3,388
16:53:55.882 -> 1,1,1,-2081,2,-1102,3,389
16:53:55.984 -> 1,1,1,-2090,2,-1106,3,397
16:53:56.054 -> 1,1,1,-2066,2,-1111,3,394
16:53:56.121 -> 1,1,1,-2084,2,-1096,3,416
16:53:56.188 -> 1,1,1,-2073,2,-1119,3,390
16:53:56.291 -> 1,1,1,-2077,2,-1112,3,388
16:53:56.357 -> 1,1,1,-2069,2,-1088,3,424
16:53:56.427 -> 1,1,1,-2073,2,-1095,3,397
16:53:56.495 -> 1,1,1,-2086,2,-1085,3,398
16:53:56.562 -> 1,1,1,-2087,2,-1101,3,387
16:53:56.698 -> 1,1,1,-2087,2,-1083,3,387
16:53:56.766 -> 1,1,1,-2060,2,-1082,3,401
16:53:56.834 -> 1,1,1,-2079,2,-1117,3,395
16:53:56.901 -> 1,1,1,-2067,2,-1096,3,388
16:53:56.968 -> 1,1,1,-2072,2,-1092,3,395
16:53:57.070 -> 1,1,1,-2073,2,-1119,3,384
16:53:57.138 -> 1,1,1,-2074,2,-1085,3,366
16:53:57.207 -> 1,1,1,-2080,2,-1100,3,387
16:53:57.311 -> 1,1,1,-2082,2,-1071,3,397
16:53:57.378 -> 1,1,1,-2081,2,-1096,3,382
16:53:57.483 -> 1,1,1,-2075,2,-1096,3,377
16:53:57.552 -> 1,1,1,-2074,2,-1086,3,364
16:53:57.620 -> 1,1,1,-2071,2,-1079,3,372
16:53:57.688 -> 1,1,1,-2083,2,-1104,3,371
16:53:57.756 -> 1,1,1,-2079,2,-1065,3,386
16:53:57.895 -> 1,1,1,-2062,2,-1123,3,400
16:53:58.066 -> 1,1,1,-2070,2,-1151,3,410
16:53:58.134 -> 1,1,1,-2068,2,-1096,3,388
16:53:58.203 -> 1,1,1,-2074,2,-1117,3,401
16:53:58.475 -> 1,1,1,-2060,2,-1115,3,409
16:53:58.543 -> 1,1,1,-2062,2,-1144,3,388
16:53:58.611 -> 1,1,1,-2065,2,-1103,3,397
16:53:58.680 -> 1,1,1,-2069,2,-1135,3,373
16:53:58.783 -> 1,1,1,-2052,2,-1116,3,411
16:53:58.852 -> 1,1,1,-2070,2,-1132,3,364
16:53:58.920 -> 1,1,1,-2070,2,-1129,3,392
16:53:59.024 -> 1,1,1,-2066,2,-1122,3,386
16:53:59.094 -> 1,1,1,-2063,2,-1096,3,395
16:53:59.197 -> 1,1,1,-2056,2,-1118,3,388
16:53:59.267 -> 1,1,1,-2067,2,-1084,3,386
16:53:59.336 -> 1,1,1,-2062,2,-1106,3,383
16:53:59.406 -> 1,1,1,-2081,2,-1116,3,364
16:53:59.474 -> 1,1,1,-2065,2,-1141,3,388
16:53:59.577 -> 1,1,1,-2077,2,-1124,3,388
16:53:59.645 -> 1,1,1,-2076,2,-1139,3,399
16:53:59.714 -> 1,1,1,-2076,2,-1105,3,371
16:53:59.782 -> 1,1,1,-2070,2,-1105,3,383
16:53:59.850 -> 1,1,1,-2075,2,-1105,3,389
16:53:59.988 -> 1,1,1,-2074,2,-1106,3,403
16:54:00.056 -> 1,1,1,-2069,2,-1103,3,369
16:54:00.125 -> 1,1,1,-2077,2,-1128,3,377
16:54:00.193 -> 1,1,1,-2073,2,-1154,3,381
16:54:00.262 -> 1,1,1,-2071,2,-1121,3,376
16:54:00.364 -> 1,1,1,-2080,2,-1126,3,389
16:54:00.433 -> 1,1,1,-2075,2,-1128,3,387
16:54:00.501 -> 1,1,1,-2065,2,-1135,3,376
16:54:00.570 -> 1,1,1,-2068,2,-1116,3,396
16:54:00.671 -> 1,1,1,-2076,2,-1104,3,374
16:54:00.775 -> 1,1,1,-2063,2,-1119,3,359
16:54:00.844 -> 1,1,1,-2077,2,-1106,3,402
16:54:00.912 -> 1,1,1,-2057,2,-1107,3,389
16:54:00.981 -> 1,1,1,-2060,2,-1116,3,378
16:54:01.050 -> 1,1,1,-2079,2,-1125,3,391
16:54:01.154 -> 1,1,1,-2064,2,-1142,3,395
16:54:01.256 -> 1,1,1,-2083,2,-1076,3,389
16:54:01.427 -> 1,1,1,-2070,2,-1073,3,394
16:54:01.496 -> 1,1,1,-2062,2,-1106,3,381
16:54:01.564 -> 1,1,1,-2086,2,-1084,3,375
16:54:01.701 -> 1,1,1,-2073,2,-1087,3,373
16:54:01.770 -> 1,1,1,-2072,2,-1076,3,405
16:54:01.839 -> 1,1,1,-2080,2,-1090,3,401
16:54:01.907 -> 1,1,1,-2084,2,-1073,3,382
16:54:01.977 -> 1,1,1,-2086,2,-1087,3,370
16:54:02.080 -> 1,1,1,-2071,2,-1093,3,396
16:54:02.149 -> 1,1,1,-2085,2,-1126,3,374
16:54:02.216 -> 1,1,1,-2072,2,-1069,3,396
16:54:02.285 -> 1,1,1,-2070,2,-1063,3,386
16:54:02.352 -> 1,1,1,-2082,2,-1076,3,367
16:54:02.489 -> 1,1,1,-2070,2,-1075,3,399
16:54:02.559 -> 1,1,1,-2076,2,-1057,3,377
16:54:02.626 -> 1,1,1,-2091,2,-1090,3,389
16:54:02.694 -> 1,1,1,-2084,2,-1100,3,374
16:54:02.763 -> 1,1,1,-2077,2,-1092,3,369
16:54:02.864 -> 1,1,1,-2080,2,-1064,3,391
16:54:02.931 -> 1,1,1,-2078,2,-1102,3,390
16:54:02.998 -> 1,1,1,-2059,2,-1068,3,405
16:54:03.101 -> 1,1,1,-2084,2,-1090,3,378
16:54:03.168 -> 1,1,1,-2087,2,-1102,3,388
16:54:03.271 -> 1,1,1,-2086,2,-1095,3,398
16:54:03.339 -> 1,1,1,-2058,2,-1072,3,379
16:54:03.407 -> 1,1,1,-2086,2,-1081,3,370
16:54:03.476 -> 1,1,1,-2083,2,-1081,3,350
16:54:03.546 -> 1,1,1,-2091,2,-1089,3,385
16:54:03.649 -> 1,1,1,-2080,2,-1092,3,391
16:54:03.717 -> 1,1,1,-2081,2,-1086,3,392
16:54:03.785 -> 1,1,1,-2091,2,-1089,3,381
16:54:03.889 -> 1,1,1,-2078,2,-1090,3,392
16:54:03.957 -> 1,1,1,-2072,2,-1077,3,389
16:54:04.058 -> 1,1,1,-2078,2,-1082,3,393
16:54:04.126 -> 1,1,1,-2084,2,-1061,3,386
16:54:04.193 -> 1,1,1,-2068,2,-1096,3,398
16:54:04.263 -> 1,1,1,-2067,2,-1099,3,390
16:54:04.331 -> 1,1,1,-2093,2,-1090,3,383
16:54:04.433 -> 1,1,1,-2081,2,-1064,3,382
16:54:04.502 -> 1,1,1,-2082,2,-1083,3,384
16:54:04.605 -> 1,1,1,-2064,2,-1105,3,391
16:54:04.810 -> 1,1,1,-2076,2,-1083,3,406
16:54:04.878 -> 1,1,1,-2079,2,-1099,3,415
16:54:04.980 -> 1,1,1,-2068,2,-1105,3,389
16:54:05.048 -> 1,1,1,-2053,2,-1086,3,401
16:54:05.117 -> 1,1,1,-2059,2,-1082,3,394
16:54:05.187 -> 1,1,1,-2070,2,-1097,3,384
16:54:05.256 -> 1,1,1,-2073,2,-1103,3,395
16:54:05.359 -> 1,1,1,-2068,2,-1103,3,412
16:54:05.426 -> 1,1,1,-2088,2,-1086,3,408
16:54:05.529 -> 1,1,1,-2074,2,-1105,3,393
16:54:05.598 -> 1,1,1,-2068,2,-1094,3,417
16:54:05.667 -> 1,1,1,-2085,2,-1101,3,379
16:54:05.770 -> 1,1,1,-2070,2,-1093,3,392
16:54:05.839 -> 1,1,1,-2063,2,-1104,3,391
16:54:05.907 -> 1,1,1,-2068,2,-1115,3,421
16:54:05.975 -> 1,1,1,-2058,2,-1085,3,418
16:54:06.043 -> 1,1,1,-2079,2,-1069,3,391
16:54:06.145 -> 1,1,1,-2076,2,-1081,3,389
16:54:06.178 -> 1,1,1,-2076,2,-1081,3,389
16:54:06.386 -> 1,1,1,-2086,2,-1108,3,391
16:54:06.453 -> 1,1,1,-2077,2,-1127,3,416
16:54:06.557 -> 1,1,1,-2054,2,-1069,3,400
16:54:06.624 -> 1,1,1,-2075,2,-1070,3,410
16:54:06.691 -> 1,1,1,-2084,2,-1091,3,375
16:54:06.760 -> 1,1,1,-2093,2,-1097,3,394
16:54:06.829 -> 1,1,1,-2080,2,-1091,3,400
16:54:06.933 -> 1,1,1,-2081,2,-1091,3,386
16:54:07.035 -> 1,1,1,-2075,2,-1089,3,400
16:54:07.104 -> 1,1,1,-2080,2,-1071,3,367
16:54:07.174 -> 1,1,1,-2070,2,-1088,3,414
16:54:07.242 -> 1,1,1,-2062,2,-1093,3,402
16:54:07.345 -> 1,1,1,-2079,2,-1079,3,390
16:54:07.413 -> 1,1,1,-2078,2,-1095,3,404
16:54:07.482 -> 1,1,1,-2076,2,-1090,3,374
16:54:07.550 -> 1,1,1,-2076,2,-1108,3,399
16:54:07.619 -> 1,1,1,-2076,2,-1079,3,389
16:54:07.723 -> 1,1,1,-2082,2,-1094,3,365
16:54:07.825 -> 1,1,1,-2061,2,-1068,3,403
16:54:07.892 -> 1,1,1,-2060,2,-1089,3,405
16:54:07.996 -> 1,1,1,-2074,2,-1101,3,402
16:54:08.167 -> 1,1,1,-2060,2,-1126,3,388
16:54:08.270 -> 1,1,1,-2091,2,-1125,3,376
16:54:08.338 -> 1,1,1,-2064,2,-1110,3,395
16:54:08.407 -> 1,1,1,-2073,2,-1131,3,406
16:54:08.476 -> 1,1,1,-2064,2,-1095,3,391
16:54:08.545 -> 1,1,1,-2073,2,-1094,3,428
16:54:08.647 -> 1,1,1,-2088,2,-1099,3,394
16:54:08.749 -> 1,1,1,-2077,2,-1121,3,390
16:54:08.819 -> 1,1,1,-2052,2,-1094,3,409
16:54:08.888 -> 1,1,1,-2071,2,-1139,3,401
16:54:08.958 -> 1,1,1,-2070,2,-1114,3,354
16:54:09.062 -> 1,1,1,-2069,2,-1113,3,385
16:54:09.129 -> 1,1,1,-2085,2,-1134,3,375
16:54:09.199 -> 1,1,1,-2072,2,-1121,3,405
16:54:09.268 -> 1,1,1,-2065,2,-1107,3,386
16:54:09.338 -> 1,1,1,-2077,2,-1096,3,408
16:54:09.444 -> 1,1,1,-2069,2,-1119,3,392
16:54:09.512 -> 1,1,1,-2065,2,-1116,3,385
16:54:09.581 -> 1,1,1,-2074,2,-1125,3,423
16:54:09.650 -> 1,1,1,-2076,2,-1093,3,396
16:54:09.753 -> 1,1,1,-2067,2,-1117,3,375
16:54:09.856 -> 1,1,1,-2076,2,-1108,3,404
16:54:09.925 -> 1,1,1,-2055,2,-1092,3,426
16:54:09.992 -> 1,1,1,-2076,2,-1133,3,390
16:54:10.061 -> 1,1,1,-2067,2,-1098,3,385
16:54:10.130 -> 1,1,1,-2080,2,-1116,3,394
16:54:10.232 -> 1,1,1,-2073,2,-1097,3,386
16:54:10.301 -> 1,1,1,-2067,2,-1095,3,405
16:54:10.369 -> 1,1,1,-2065,2,-1111,3,386
16:54:10.438 -> 1,1,1,-2082,2,-1129,3,388
16:54:10.542 -> 1,1,1,-2070,2,-1109,3,391
16:54:10.646 -> 1,1,1,-2060,2,-1115,3,382
16:54:10.716 -> 1,1,1,-2071,2,-1113,3,382
16:54:10.784 -> 1,1,1,-2066,2,-1113,3,384
16:54:10.854 -> 1,1,1,-2065,2,-1103,3,419
16:54:10.923 -> 1,1,1,-2078,2,-1130,3,376
16:54:11.028 -> 1,1,1,-2080,2,-1101,3,383
16:54:11.096 -> 1,1,1,-2081,2,-1094,3,399
16:54:11.165 -> 1,1,1,-2062,2,-1111,3,395
16:54:11.235 -> 1,1,1,-2076,2,-1093,3,369
16:54:11.338 -> 1,1,1,-2093,2,-1113,3,393
16:54:11.543 -> 1,1,1,-2080,2,-1106,3,377
16:54:11.611 -> 1,1,1,-2075,2,-1128,3,406
16:54:11.715 -> 1,1,1,-2089,2,-1122,3,368
16:54:11.785 -> 1,1,1,-2075,2,-1096,3,383
16:54:11.853 -> 1,1,1,-2086,2,-1125,3,380
16:54:11.957 -> 1,1,1,-2081,2,-1121,3,389
16:54:12.027 -> 1,1,1,-2092,2,-1127,3,390
16:54:12.095 -> 1,1,1,-2084,2,-1135,3,361
16:54:12.163 -> 1,1,1,-2081,2,-1087,3,382
16:54:12.232 -> 1,1,1,-2080,2,-1074,3,384
16:54:12.334 -> 1,1,1,-2070,2,-1067,3,391
16:54:12.403 -> 1,1,1,-2081,2,-1095,3,386
16:54:12.505 -> 1,1,1,-2066,2,-1110,3,399
16:54:12.574 -> 1,1,1,-2086,2,-1095,3,386
16:54:12.643 -> 1,1,1,-2079,2,-1116,3,392
16:54:12.744 -> 1,1,1,-2059,2,-1108,3,390
16:54:12.812 -> 1,1,1,-2078,2,-1110,3,389
16:54:12.880 -> 1,1,1,-2077,2,-1101,3,363
16:54:12.950 -> 1,1,1,-2076,2,-1109,3,395
16:54:13.019 -> 1,1,1,-2083,2,-1127,3,391
16:54:13.120 -> 1,1,1,-2088,2,-1117,3,378
16:54:13.189 -> 1,1,1,-2081,2,-1096,3,371
16:54:13.293 -> 1,1,1,-2079,2,-1119,3,386
16:54:13.363 -> 1,1,1,-2072,2,-1113,3,352
16:54:13.433 -> 1,1,1,-2075,2,-1097,3,398
16:54:13.535 -> 1,1,1,-2080,2,-1099,3,394
16:54:13.605 -> 1,1,1,-2072,2,-1106,3,377
16:54:13.674 -> 1,1,1,-2069,2,-1081,3,395
16:54:13.742 -> 1,1,1,-2089,2,-1090,3,388
16:54:13.811 -> 1,1,1,-2072,2,-1115,3,376
16:54:13.913 -> 1,1,1,-2086,2,-1112,3,399
16:54:13.982 -> 1,1,1,-2088,2,-1108,3,391
16:54:14.050 -> 1,1,1,-2070,2,-1148,3,380
16:54:14.152 -> 1,1,1,-2085,2,-1104,3,374
16:54:14.220 -> 1,1,1,-2080,2,-1133,3,407
16:54:14.322 -> 1,1,1,-2097,2,-1112,3,382
16:54:14.390 -> 1,1,1,-2089,2,-1133,3,361
16:54:14.459 -> 1,1,1,-2080,2,-1120,3,364
16:54:14.527 -> 1,1,1,-2084,2,-1138,3,400
16:54:14.596 -> 1,1,1,-2084,2,-1112,3,393
16:54:14.733 -> 1,1,1,-2067,2,-1110,3,427
16:54:14.904 -> 1,1,1,-2067,2,-1106,3,411
16:54:14.973 -> 1,1,1,-2090,2,-1143,3,401
16:54:15.075 -> 1,1,1,-2091,2,-1125,3,406
16:54:15.144 -> 1,1,1,-2084,2,-1107,3,413
16:54:15.247 -> 1,1,1,-2069,2,-1099,3,396
16:54:15.315 -> 1,1,1,-2092,2,-1140,3,378
16:54:15.383 -> 1,1,1,-2071,2,-1132,3,384
16:54:15.451 -> 1,1,1,-2077,2,-1121,3,381
16:54:15.521 -> 1,1,1,-2076,2,-1114,3,397
16:54:15.622 -> 1,1,1,-2081,2,-1141,3,405
16:54:15.691 -> 1,1,1,-2068,2,-1095,3,415
16:54:15.761 -> 1,1,1,-2071,2,-1126,3,397
16:54:15.864 -> 1,1,1,-2083,2,-1117,3,387
16:54:15.933 -> 1,1,1,-2073,2,-1104,3,411
16:54:16.037 -> 1,1,1,-2077,2,-1128,3,365
16:54:16.107 -> 1,1,1,-2090,2,-1132,3,396
16:54:16.175 -> 1,1,1,-2074,2,-1131,3,392
16:54:16.242 -> 1,1,1,-2060,2,-1150,3,403
16:54:16.310 -> 1,1,1,-2077,2,-1122,3,374
16:54:16.412 -> 1,1,1,-2070,2,-1124,3,400
16:54:16.480 -> 1,1,1,-2068,2,-1109,3,400
16:54:16.583 -> 1,1,1,-2073,2,-1124,3,386
16:54:16.653 -> 1,1,1,-2070,2,-1125,3,403
16:54:16.722 -> 1,1,1,-2081,2,-1121,3,413
16:54:16.826 -> 1,1,1,-2077,2,-1121,3,388
16:54:16.894 -> 1,1,1,-2065,2,-1105,3,426
16:54:16.963 -> 1,1,1,-2077,2,-1134,3,398
16:54:17.030 -> 1,1,1,-2066,2,-1125,3,399
16:54:17.098 -> 1,1,1,-2076,2,-1112,3,410
16:54:17.200 -> 1,1,1,-2075,2,-1117,3,412
16:54:17.269 -> 1,1,1,-2073,2,-1107,3,390
16:54:17.372 -> 1,1,1,-2068,2,-1120,3,383
16:54:17.441 -> 1,1,1,-2081,2,-1094,3,386
16:54:17.509 -> 1,1,1,-2081,2,-1102,3,394
16:54:17.612 -> 1,1,1,-2075,2,-1122,3,424
16:54:17.679 -> 1,1,1,-2090,2,-1136,3,396
16:54:17.748 -> 1,1,1,-2071,2,-1115,3,403
16:54:17.817 -> 1,1,1,-2088,2,-1133,3,395
16:54:17.886 -> 1,1,1,-2086,2,-1143,3,373
16:54:17.988 -> 1,1,1,-2069,2,-1128,3,409
16:54:18.023 -> 1,1,1,-2069,2,-1128,3,409
16:54:18.292 -> 1,1,1,-2059,2,-1098,3,424
16:54:18.359 -> 1,1,1,-2069,2,-1114,3,391
16:54:18.428 -> 1,1,1,-2064,2,-1089,3,398
16:54:18.530 -> 1,1,1,-2091,2,-1076,3,390
16:54:18.600 -> 1,1,1,-2068,2,-1114,3,404
16:54:18.667 -> 1,1,1,-2078,2,-1075,3,375
16:54:18.736 -> 1,1,1,-2076,2,-1106,3,386
16:54:18.803 -> 1,1,1,-2074,2,-1090,3,380
16:54:18.937 -> 1,1,1,-2078,2,-1066,3,400
16:54:19.007 -> 1,1,1,-2087,2,-1097,3,381
16:54:19.077 -> 1,1,1,-2069,2,-1088,3,398
16:54:19.147 -> 1,1,1,-2078,2,-1095,3,384
16:54:19.216 -> 1,1,1,-2062,2,-1077,3,397
16:54:19.319 -> 1,1,1,-2078,2,-1071,3,408
16:54:19.389 -> 1,1,1,-2070,2,-1061,3,399
16:54:19.458 -> 1,1,1,-2077,2,-1069,3,388
16:54:19.528 -> 1,1,1,-2078,2,-1082,3,396
16:54:19.598 -> 1,1,1,-2064,2,-1066,3,373
16:54:19.702 -> 1,1,1,-2079,2,-1111,3,381
16:54:19.804 -> 1,1,1,-2085,2,-1078,3,386
16:54:19.874 -> 1,1,1,-2086,2,-1076,3,383
16:54:19.944 -> 1,1,1,-2069,2,-1091,3,395
16:54:20.013 -> 1,1,1,-2062,2,-1081,3,395
16:54:20.117 -> 1,1,1,-2078,2,-1108,3,373
16:54:20.187 -> 1,1,1,-2076,2,-1095,3,382
16:54:20.255 -> 1,1,1,-2066,2,-1062,3,381
16:54:20.323 -> 1,1,1,-2084,2,-1103,3,413
16:54:20.391 -> 1,1,1,-2079,2,-1080,3,386
16:54:20.492 -> 1,1,1,-2068,2,-1089,3,403
16:54:20.561 -> 1,1,1,-2073,2,-1075,3,410
16:54:20.664 -> 1,1,1,-2088,2,-1107,3,382
16:54:20.732 -> 1,1,1,-2084,2,-1126,3,381
16:54:20.803 -> 1,1,1,-2077,2,-1083,3,387
16:54:20.907 -> 1,1,1,-2081,2,-1095,3,400
16:54:20.976 -> 1,1,1,-2077,2,-1101,3,398
16:54:21.044 -> 1,1,1,-2077,2,-1083,3,388
16:54:21.113 -> 1,1,1,-2080,2,-1085,3,366
16:54:21.182 -> 1,1,1,-2079,2,-1074,3,405
16:54:21.285 -> 1,1,1,-2080,2,-1102,3,376
16:54:21.353 -> 1,1,1,-2066,2,-1086,3,387
16:54:21.454 -> 1,1,1,-2089,2,-1118,3,385
16:54:21.627 -> 1,1,1,-2076,2,-1142,3,368
16:54:21.730 -> 1,1,1,-2077,2,-1111,3,382
16:54:21.833 -> 1,1,1,-2079,2,-1136,3,378
16:54:21.900 -> 1,1,1,-2084,2,-1092,3,388
16:54:21.969 -> 1,1,1,-2073,2,-1126,3,396
16:54:22.038 -> 1,1,1,-2081,2,-1120,3,394
16:54:22.107 -> 1,1,1,-2076,2,-1115,3,382
16:54:22.209 -> 1,1,1,-2082,2,-1136,3,385
16:54:22.277 -> 1,1,1,-2072,2,-1125,3,385
16:54:22.346 -> 1,1,1,-2077,2,-1119,3,389
16:54:22.448 -> 1,1,1,-2084,2,-1136,3,394
16:54:22.516 -> 1,1,1,-2079,2,-1122,3,398
16:54:22.621 -> 1,1,1,-2091,2,-1132,3,371
16:54:22.690 -> 1,1,1,-2078,2,-1117,3,349
16:54:22.759 -> 1,1,1,-2084,2,-1137,3,385
16:54:22.828 -> 1,1,1,-2070,2,-1115,3,384
16:54:22.896 -> 1,1,1,-2078,2,-1135,3,399
16:54:22.998 -> 1,1,1,-2082,2,-1126,3,396
16:54:23.066 -> 1,1,1,-2068,2,-1119,3,383
16:54:23.136 -> 1,1,1,-2083,2,-1099,3,378
16:54:23.205 -> 1,1,1,-2081,2,-1103,3,395
16:54:23.308 -> 1,1,1,-2082,2,-1099,3,392
16:54:23.412 -> 1,1,1,-2080,2,-1110,3,373
16:54:23.481 -> 1,1,1,-2074,2,-1098,3,386
16:54:23.549 -> 1,1,1,-2081,2,-1113,3,375
16:54:23.617 -> 1,1,1,-2069,2,-1112,3,393
16:54:23.685 -> 1,1,1,-2095,2,-1137,3,347
16:54:23.790 -> 1,1,1,-2076,2,-1153,3,420
16:54:23.857 -> 1,1,1,-2078,2,-1119,3,392
16:54:23.925 -> 1,1,1,-2069,2,-1126,3,390
16:54:24.027 -> 1,1,1,-2067,2,-1156,3,388
16:54:24.096 -> 1,1,1,-2078,2,-1118,3,377
16:54:24.198 -> 1,1,1,-2079,2,-1132,3,381
16:54:24.268 -> 1,1,1,-2075,2,-1096,3,355
16:54:24.335 -> 1,1,1,-2087,2,-1107,3,386
16:54:24.402 -> 1,1,1,-2068,2,-1135,3,406
16:54:24.471 -> 1,1,1,-2086,2,-1116,3,377
16:54:24.573 -> 1,1,1,-2084,2,-1133,3,418
16:54:24.641 -> 1,1,1,-2070,2,-1118,3,370
16:54:24.743 -> 1,1,1,-2090,2,-1128,3,372
16:54:24.812 -> 1,1,1,-2062,2,-1128,3,367
16:54:25.017 -> 1,1,1,-2078,2,-1103,3,386
16:54:25.120 -> 1,1,1,-2076,2,-1128,3,362
16:54:25.188 -> 1,1,1,-2073,2,-1082,3,374
16:54:25.256 -> 1,1,1,-2077,2,-1142,3,381
16:54:25.326 -> 1,1,1,-2080,2,-1123,3,380
16:54:25.393 -> 1,1,1,-2078,2,-1092,3,366
16:54:25.497 -> 1,1,1,-2081,2,-1119,3,367
16:54:25.564 -> 1,1,1,-2075,2,-1094,3,406
16:54:25.667 -> 1,1,1,-2071,2,-1096,3,383
16:54:25.737 -> 1,1,1,-2077,2,-1072,3,370
16:54:25.806 -> 1,1,1,-2068,2,-1119,3,406
16:54:25.909 -> 1,1,1,-2084,2,-1092,3,400
16:54:25.976 -> 1,1,1,-2080,2,-1116,3,368
16:54:26.045 -> 1,1,1,-2067,2,-1111,3,387
16:54:26.114 -> 1,1,1,-2075,2,-1091,3,367
16:54:26.180 -> 1,1,1,-2070,2,-1127,3,380
16:54:26.283 -> 1,1,1,-2080,2,-1124,3,372
16:54:26.352 -> 1,1,1,-2083,2,-1103,3,376
16:54:26.455 -> 1,1,1,-2077,2,-1127,3,394
16:54:26.525 -> 1,1,1,-2078,2,-1108,3,391
16:54:26.594 -> 1,1,1,-2080,2,-1098,3,380
16:54:26.697 -> 1,1,1,-2081,2,-1113,3,394
16:54:26.765 -> 1,1,1,-2071,2,-1102,3,398
16:54:26.833 -> 1,1,1,-2072,2,-1119,3,352
16:54:26.903 -> 1,1,1,-2079,2,-1117,3,391
16:54:26.971 -> 1,1,1,-2074,2,-1111,3,358
16:54:27.075 -> 1,1,1,-2088,2,-1129,3,371
16:54:27.143 -> 1,1,1,-2083,2,-1125,3,381
16:54:27.211 -> 1,1,1,-2084,2,-1140,3,365
16:54:27.313 -> 1,1,1,-2075,2,-1106,3,365
16:54:27.382 -> 1,1,1,-2070,2,-1099,3,398
16:54:27.485 -> 1,1,1,-2080,2,-1097,3,376
16:54:27.554 -> 1,1,1,-2072,2,-1121,3,369
16:54:27.622 -> 1,1,1,-2066,2,-1109,3,355
16:54:27.690 -> 1,1,1,-2083,2,-1099,3,378
16:54:27.759 -> 1,1,1,-2063,2,-1125,3,361
16:54:27.862 -> 1,1,1,-2071,2,-1120,3,376
16:54:27.931 -> 1,1,1,-2062,2,-1110,3,380
16:54:28.032 -> 1,1,1,-2088,2,-1130,3,381
16:54:28.102 -> 1,1,1,-2090,2,-1126,3,384
16:54:28.202 -> 1,1,1,-2067,2,-1098,3,392
16:54:28.408 -> 1,1,1,-2071,2,-1129,3,384
16:54:28.477 -> 1,1,1,-2089,2,-1122,3,381
16:54:28.545 -> 1,1,1,-2080,2,-1107,3,392
16:54:28.613 -> 1,1,1,-2076,2,-1106,3,391
16:54:28.681 -> 1,1,1,-2098,2,-1121,3,377
16:54:28.784 -> 1,1,1,-2095,2,-1152,3,336
16:54:28.853 -> 1,1,1,-2075,2,-1112,3,391
16:54:28.955 -> 1,1,1,-2096,2,-1101,3,372
16:54:29.025 -> 1,1,1,-2069,2,-1108,3,402
16:54:29.095 -> 1,1,1,-2088,2,-1122,3,374
16:54:29.198 -> 1,1,1,-2083,2,-1121,3,384
16:54:29.268 -> 1,1,1,-2101,2,-1116,3,379
16:54:29.337 -> 1,1,1,-2083,2,-1115,3,384
16:54:29.407 -> 1,1,1,-2072,2,-1095,3,390
16:54:29.475 -> 1,1,1,-2075,2,-1106,3,389
16:54:29.578 -> 1,1,1,-2088,2,-1125,3,394
16:54:29.647 -> 1,1,1,-2077,2,-1117,3,385
16:54:29.715 -> 1,1,1,-2083,2,-1105,3,405
16:54:29.818 -> 1,1,1,-2078,2,-1111,3,385
16:54:29.886 -> 1,1,1,-2086,2,-1133,3,383
16:54:29.989 -> 1,1,1,-2068,2,-1114,3,387
16:54:30.056 -> 1,1,1,-2077,2,-1113,3,396
16:54:30.124 -> 1,1,1,-2071,2,-1119,3,362
16:54:30.193 -> 1,1,1,-2101,2,-1127,3,368
16:54:30.262 -> 1,1,1,-2091,2,-1108,3,352
16:54:30.365 -> 1,1,1,-2075,2,-1122,3,401
16:54:30.434 -> 1,1,1,-2079,2,-1133,3,398
16:54:30.502 -> 1,1,1,-2085,2,-1111,3,376
16:54:30.605 -> 1,1,1,-2078,2,-1129,3,366
16:54:30.674 -> 1,1,1,-2079,2,-1116,3,359
16:54:30.777 -> 1,1,1,-2068,2,-1128,3,411
16:54:30.846 -> 1,1,1,-2066,2,-1129,3,383
16:54:30.915 -> 1,1,1,-2085,2,-1110,3,377
16:54:30.984 -> 1,1,1,-2087,2,-1122,3,394
16:54:31.054 -> 1,1,1,-2077,2,-1116,3,381
16:54:31.157 -> 1,1,1,-2089,2,-1137,3,371
16:54:31.225 -> 1,1,1,-2069,2,-1120,3,379
16:54:31.294 -> 1,1,1,-2086,2,-1126,3,383
16:54:31.363 -> 1,1,1,-2069,2,-1132,3,408
16:54:31.464 -> 1,1,1,-2087,2,-1119,3,354
16:54:31.600 -> 1,1,1,-2059,2,-1105,3,382
16:54:31.773 -> 1,1,1,-2081,2,-1097,3,416
16:54:31.841 -> 1,1,1,-2068,2,-1085,3,403
16:54:31.910 -> 1,1,1,-2082,2,-1104,3,364
16:54:31.979 -> 1,1,1,-2058,2,-1091,3,379
16:54:32.082 -> 1,1,1,-2078,2,-1094,3,395
16:54:32.151 -> 1,1,1,-2073,2,-1113,3,381
16:54:32.219 -> 1,1,1,-2068,2,-1090,3,372
16:54:32.287 -> 1,1,1,-2079,2,-1115,3,375
16:54:32.356 -> 1,1,1,-2067,2,-1092,3,369
16:54:32.492 -> 1,1,1,-2068,2,-1122,3,380
16:54:32.560 -> 1,1,1,-2079,2,-1109,3,371
16:54:32.630 -> 1,1,1,-2069,2,-1103,3,386
16:54:32.699 -> 1,1,1,-2059,2,-1094,3,379
16:54:32.768 -> 1,1,1,-2075,2,-1109,3,381
16:54:32.870 -> 1,1,1,-2071,2,-1118,3,377
16:54:32.939 -> 1,1,1,-2065,2,-1110,3,387
16:54:33.077 -> 1,1,1,-2072,2,-1114,3,369
16:54:33.146 -> 1,1,1,-2071,2,-1081,3,403
16:54:33.282 -> 1,1,1,-2066,2,-1081,3,383
16:54:33.350 -> 1,1,1,-2071,2,-1113,3,380
16:54:33.419 -> 1,1,1,-2065,2,-1098,3,382
16:54:33.489 -> 1,1,1,-2079,2,-1123,3,372
16:54:33.559 -> 1,1,1,-2067,2,-1102,3,389
16:54:33.661 -> 1,1,1,-2083,2,-1124,3,371
16:54:33.727 -> 1,1,1,-2079,2,-1119,3,369
16:54:33.794 -> 1,1,1,-2075,2,-1105,3,393
16:54:33.863 -> 1,1,1,-2066,2,-1113,3,366
16:54:33.965 -> 1,1,1,-2069,2,-1089,3,385
16:54:34.068 -> 1,1,1,-2069,2,-1118,3,370
16:54:34.139 -> 1,1,1,-2092,2,-1102,3,355
16:54:34.206 -> 1,1,1,-2069,2,-1078,3,374
16:54:34.275 -> 1,1,1,-2070,2,-1121,3,389
16:54:34.343 -> 1,1,1,-2072,2,-1092,3,384
16:54:34.444 -> 1,1,1,-2075,2,-1108,3,355
16:54:34.513 -> 1,1,1,-2085,2,-1107,3,367
16:54:34.581 -> 1,1,1,-2071,2,-1115,3,367
16:54:34.685 -> 1,1,1,-2080,2,-1114,3,333
16:54:34.754 -> 1,1,1,-2070,2,-1104,3,363
16:54:34.857 -> 1,1,1,-2064,2,-1099,3,373
16:54:34.960 -> 1,1,1,-2080,2,-1130,3,402
16:54:35.131 -> 1,1,1,-2072,2,-1146,3,382
16:54:35.199 -> 1,1,1,-2072,2,-1108,3,369
16:54:35.266 -> 1,1,1,-2072,2,-1097,3,398
16:54:35.369 -> 1,1,1,-2082,2,-1125,3,386
16:54:35.438 -> 1,1,1,-2079,2,-1131,3,407
16:54:35.507 -> 1,1,1,-2074,2,-1136,3,391
16:54:35.574 -> 1,1,1,-2070,2,-1115,3,389
16:54:35.676 -> 1,1,1,-2074,2,-1098,3,394
16:54:35.779 -> 1,1,1,-2071,2,-1102,3,393
16:54:35.847 -> 1,1,1,-2072,2,-1121,3,392
16:54:35.916 -> 1,1,1,-2074,2,-1114,3,376
16:54:35.984 -> 1,1,1,-2076,2,-1127,3,394
16:54:36.053 -> 1,1,1,-2085,2,-1130,3,380
16:54:36.156 -> 1,1,1,-2077,2,-1100,3,393
16:54:36.225 -> 1,1,1,-2062,2,-1116,3,397
16:54:36.293 -> 1,1,1,-2081,2,-1122,3,375
16:54:36.395 -> 1,1,1,-2074,2,-1125,3,401
16:54:36.464 -> 1,1,1,-2062,2,-1130,3,390
16:54:36.567 -> 1,1,1,-2079,2,-1125,3,369
16:54:36.635 -> 1,1,1,-2077,2,-1115,3,384
16:54:36.704 -> 1,1,1,-2073,2,-1146,3,387
16:54:36.772 -> 1,1,1,-2078,2,-1135,3,395
16:54:36.840 -> 1,1,1,-2073,2,-1095,3,388
16:54:36.943 -> 1,1,1,-2080,2,-1131,3,368
16:54:37.011 -> 1,1,1,-2082,2,-1105,3,382
16:54:37.112 -> 1,1,1,-2074,2,-1112,3,367
16:54:37.181 -> 1,1,1,-2074,2,-1113,3,383
16:54:37.251 -> 1,1,1,-2081,2,-1101,3,391
16:54:37.354 -> 1,1,1,-2075,2,-1128,3,384
16:54:37.422 -> 1,1,1,-2076,2,-1115,3,404
16:54:37.490 -> 1,1,1,-2086,2,-1128,3,364
16:54:37.559 -> 1,1,1,-2079,2,-1112,3,395
16:54:37.627 -> 1,1,1,-2075,2,-1127,3,363
16:54:37.730 -> 1,1,1,-2078,2,-1147,3,375
16:54:37.799 -> 1,1,1,-2079,2,-1112,3,390
16:54:37.903 -> 1,1,1,-2076,2,-1111,3,381
16:54:37.971 -> 1,1,1,-2069,2,-1136,3,374
16:54:38.040 -> 1,1,1,-2075,2,-1120,3,384
16:54:38.142 -> 1,1,1,-2082,2,-1125,3,396
16:54:38.210 -> 1,1,1,-2073,2,-1115,3,394
16:54:38.313 -> 1,1,1,-2078,2,-1141,3,367
16:54:38.486 -> 1,1,1,-2080,2,-1113,3,353
16:54:38.554 -> 1,1,1,-2074,2,-1105,3,357
16:54:38.657 -> 1,1,1,-2063,2,-1091,3,372
16:54:38.725 -> 1,1,1,-2081,2,-1127,3,381
16:54:38.794 -> 1,1,1,-2067,2,-1152,3,377
16:54:38.898 -> 1,1,1,-2081,2,-1135,3,368
16:54:38.969 -> 1,1,1,-2084,2,-1133,3,348
16:54:39.072 -> 1,1,1,-2087,2,-1143,3,358
16:54:39.142 -> 1,1,1,-2087,2,-1108,3,384
16:54:39.212 -> 1,1,1,-2079,2,-1128,3,372
16:54:39.282 -> 1,1,1,-2080,2,-1146,3,403
16:54:39.352 -> 1,1,1,-2073,2,-1140,3,365
16:54:39.456 -> 1,1,1,-2061,2,-1126,3,386
16:54:39.524 -> 1,1,1,-2072,2,-1114,3,388
16:54:39.592 -> 1,1,1,-2066,2,-1115,3,389
16:54:39.659 -> 1,1,1,-2082,2,-1155,3,394
16:54:39.728 -> 1,1,1,-2075,2,-1140,3,370
16:54:39.864 -> 1,1,1,-2072,2,-1105,3,385
16:54:39.932 -> 1,1,1,-2068,2,-1138,3,373
16:54:40.001 -> 1,1,1,-2082,2,-1109,3,356
16:54:40.068 -> 1,1,1,-2081,2,-1123,3,391
16:54:40.137 -> 1,1,1,-2069,2,-1098,3,387
16:54:40.240 -> 1,1,1,-2067,2,-1103,3,385
16:54:40.309 -> 1,1,1,-2077,2,-1115,3,387
16:54:40.378 -> 1,1,1,-2078,2,-1110,3,369
16:54:40.446 -> 1,1,1,-2080,2,-1116,3,369
16:54:40.515 -> 1,1,1,-2071,2,-1121,3,383
16:54:40.650 -> 1,1,1,-2074,2,-1122,3,358
16:54:40.718 -> 1,1,1,-2079,2,-1141,3,366
16:54:40.789 -> 1,1,1,-2072,2,-1102,3,370
16:54:40.856 -> 1,1,1,-2075,2,-1094,3,391
16:54:40.924 -> 1,1,1,-2068,2,-1128,3,366
16:54:41.025 -> 1,1,1,-2086,2,-1116,3,376
16:54:41.094 -> 1,1,1,-2080,2,-1138,3,383
16:54:41.163 -> 1,1,1,-2072,2,-1144,3,376
16:54:41.233 -> 1,1,1,-2079,2,-1114,3,375
16:54:41.334 -> 1,1,1,-2077,2,-1120,3,388
16:54:41.438 -> 1,1,1,-2064,2,-1122,3,374
16:54:41.505 -> 1,1,1,-2080,2,-1110,3,352
16:54:41.575 -> 1,1,1,-2078,2,-1114,3,394
16:54:41.679 -> 1,1,1,-2077,2,-1106,3,348
16:54:41.849 -> 1,1,1,-2075,2,-1098,3,355
16:54:41.953 -> 1,1,1,-2081,2,-1107,3,388
16:54:42.021 -> 1,1,1,-2066,2,-1093,3,386
16:54:42.090 -> 1,1,1,-2076,2,-1085,3,387
16:54:42.157 -> 1,1,1,-2073,2,-1108,3,355
16:54:42.259 -> 1,1,1,-2076,2,-1107,3,360
16:54:42.362 -> 1,1,1,-2071,2,-1108,3,385
16:54:42.430 -> 1,1,1,-2071,2,-1106,3,383
16:54:42.499 -> 1,1,1,-2071,2,-1105,3,380
16:54:42.568 -> 1,1,1,-2083,2,-1102,3,391
16:54:42.639 -> 1,1,1,-2073,2,-1116,3,384
16:54:42.741 -> 1,1,1,-2058,2,-1109,3,391
16:54:42.810 -> 1,1,1,-2067,2,-1094,3,393
16:54:42.881 -> 1,1,1,-2067,2,-1104,3,357
16:54:42.950 -> 1,1,1,-2075,2,-1115,3,378
16:54:43.018 -> 1,1,1,-2067,2,-1106,3,384
16:54:43.123 -> 1,1,1,-2085,2,-1096,3,395
16:54:43.226 -> 1,1,1,-2072,2,-1135,3,385
16:54:43.294 -> 1,1,1,-2080,2,-1096,3,373
16:54:43.363 -> 1,1,1,-2067,2,-1083,3,400
16:54:43.432 -> 1,1,1,-2072,2,-1089,3,373
16:54:43.535 -> 1,1,1,-2077,2,-1130,3,389
16:54:43.603 -> 1,1,1,-2073,2,-1088,3,377
16:54:43.670 -> 1,1,1,-2072,2,-1113,3,395
16:54:43.739 -> 1,1,1,-2059,2,-1111,3,394
16:54:43.808 -> 1,1,1,-2069,2,-1104,3,363
16:54:43.946 -> 1,1,1,-2075,2,-1086,3,359
16:54:44.013 -> 1,1,1,-2077,2,-1101,3,377
16:54:44.080 -> 1,1,1,-2067,2,-1103,3,382
16:54:44.151 -> 1,1,1,-2077,2,-1077,3,400
16:54:44.217 -> 1,1,1,-2083,2,-1097,3,363
16:54:44.319 -> 1,1,1,-2055,2,-1118,3,366
16:54:44.388 -> 1,1,1,-2072,2,-1130,3,358
16:54:44.457 -> 1,1,1,-2074,2,-1122,3,354
16:54:44.527 -> 1,1,1,-2075,2,-1112,3,391
16:54:44.596 -> 1,1,1,-2073,2,-1086,3,375
16:54:44.731 -> 1,1,1,-2074,2,-1100,3,372
16:54:44.800 -> 1,1,1,-2063,2,-1109,3,378
16:54:44.869 -> 1,1,1,-2077,2,-1100,3,339
16:54:44.937 -> 1,1,1,-2070,2,-1091,3,392
16:54:45.039 -> 1,1,1,-2081,2,-1142,3,355
16:54:45.243 -> 1,1,1,-2079,2,-1154,3,379
16:54:45.312 -> 1,1,1,-2072,2,-1150,3,399
16:54:45.381 -> 1,1,1,-2074,2,-1133,3,378
16:54:45.449 -> 1,1,1,-2079,2,-1142,3,379
16:54:45.550 -> 1,1,1,-2076,2,-1126,3,361
16:54:45.653 -> 1,1,1,-2077,2,-1135,3,379
16:54:45.722 -> 1,1,1,-2064,2,-1128,3,372
16:54:45.792 -> 1,1,1,-2065,2,-1144,3,371
16:54:45.860 -> 1,1,1,-2061,2,-1142,3,399
16:54:45.928 -> 1,1,1,-2078,2,-1113,3,358
16:54:46.032 -> 1,1,1,-2082,2,-1142,3,387
16:54:46.100 -> 1,1,1,-2069,2,-1141,3,380
16:54:46.169 -> 1,1,1,-2073,2,-1120,3,368
16:54:46.238 -> 1,1,1,-2065,2,-1130,3,379
16:54:46.306 -> 1,1,1,-2077,2,-1125,3,363
16:54:46.443 -> 1,1,1,-2073,2,-1134,3,400
16:54:46.510 -> 1,1,1,-2060,2,-1125,3,384
16:54:46.579 -> 1,1,1,-2058,2,-1132,3,365
16:54:46.648 -> 1,1,1,-2055,2,-1126,3,369
16:54:46.717 -> 1,1,1,-2059,2,-1100,3,397
16:54:46.820 -> 1,1,1,-2081,2,-1141,3,371
16:54:46.889 -> 1,1,1,-2087,2,-1139,3,376
16:54:46.957 -> 1,1,1,-2077,2,-1125,3,401
16:54:47.025 -> 1,1,1,-2076,2,-1128,3,376
16:54:47.128 -> 1,1,1,-2079,2,-1123,3,370
16:54:47.230 -> 1,1,1,-2085,2,-1162,3,359
16:54:47.299 -> 1,1,1,-2084,2,-1142,3,385
16:54:47.369 -> 1,1,1,-2076,2,-1140,3,358
16:54:47.437 -> 1,1,1,-2058,2,-1134,3,400
16:54:47.506 -> 1,1,1,-2073,2,-1134,3,373
16:54:47.609 -> 1,1,1,-2067,2,-1132,3,383
16:54:47.677 -> 1,1,1,-2075,2,-1116,3,361
16:54:47.746 -> 1,1,1,-2058,2,-1118,3,387
16:54:47.814 -> 1,1,1,-2079,2,-1137,3,371
16:54:47.918 -> 1,1,1,-2082,2,-1131,3,390
16:54:48.021 -> 1,1,1,-2073,2,-1147,3,374
16:54:48.091 -> 1,1,1,-2068,2,-1118,3,340
16:54:48.159 -> 1,1,1,-2077,2,-1125,3,374
16:54:48.227 -> 1,1,1,-2071,2,-1146,3,376
16:54:48.296 -> 1,1,1,-2073,2,-1114,3,377
16:54:48.433 -> 1,1,1,-2067,2,-1121,3,414
16:54:48.606 -> 1,1,1,-2066,2,-1091,3,388
16:54:48.675 -> 1,1,1,-2068,2,-1110,3,377
16:54:48.744 -> 1,1,1,-2063,2,-1117,3,403
16:54:48.812 -> 1,1,1,-2069,2,-1121,3,391
16:54:48.915 -> 1,1,1,-2079,2,-1112,3,403
16:54:49.019 -> 1,1,1,-2063,2,-1103,3,375
16:54:49.088 -> 1,1,1,-2072,2,-1105,3,388
16:54:49.158 -> 1,1,1,-2075,2,-1109,3,373
16:54:49.228 -> 1,1,1,-2064,2,-1107,3,390
16:54:49.332 -> 1,1,1,-2077,2,-1099,3,386
16:54:49.402 -> 1,1,1,-2086,2,-1095,3,395
16:54:49.471 -> 1,1,1,-2077,2,-1116,3,398
16:54:49.540 -> 1,1,1,-2083,2,-1097,3,400
16:54:49.609 -> 1,1,1,-2077,2,-1130,3,400
16:54:49.711 -> 1,1,1,-2065,2,-1098,3,389
16:54:49.780 -> 1,1,1,-2073,2,-1114,3,377
16:54:49.848 -> 1,1,1,-2069,2,-1110,3,393
16:54:49.949 -> 1,1,1,-2070,2,-1125,3,372
16:54:50.018 -> 1,1,1,-2079,2,-1098,3,399
16:54:50.123 -> 1,1,1,-2073,2,-1075,3,397
16:54:50.192 -> 1,1,1,-2081,2,-1103,3,394
16:54:50.259 -> 1,1,1,-2078,2,-1134,3,394
16:54:50.332 -> 1,1,1,-2054,2,-1073,3,386
16:54:50.400 -> 1,1,1,-2079,2,-1106,3,386
16:54:50.503 -> 1,1,1,-2078,2,-1128,3,414
16:54:50.570 -> 1,1,1,-2071,2,-1100,3,394
16:54:50.638 -> 1,1,1,-2066,2,-1095,3,400
16:54:50.810 -> 1,1,1,-2062,2,-1096,3,401
16:54:50.912 -> 1,1,1,-2078,2,-1110,3,378
16:54:50.979 -> 1,1,1,-2072,2,-1112,3,391
16:54:51.047 -> 1,1,1,-2087,2,-1119,3,365
16:54:51.117 -> 1,1,1,-2080,2,-1118,3,380
16:54:51.189 -> 1,1,1,-2079,2,-1108,3,384
16:54:51.292 -> 1,1,1,-2070,2,-1081,3,398
16:54:51.360 -> 1,1,1,-2080,2,-1112,3,405
16:54:51.428 -> 1,1,1,-2077,2,-1114,3,375
16:54:51.531 -> 1,1,1,-2055,2,-1093,3,403
16:54:51.600 -> 1,1,1,-2079,2,-1115,3,389
16:54:51.703 -> 1,1,1,-2060,2,-1104,3,392
16:54:51.831 -> 1,1,1,-2057,2,-1101,3,414
16:54:51.974 -> 1,1,1,-2079,2,-1127,3,393
16:54:52.041 -> 1,1,1,-2062,2,-1099,3,410
16:54:52.108 -> 1,1,1,-2074,2,-1093,3,398
16:54:52.209 -> 1,1,1,-2062,2,-1115,3,404
16:54:52.309 -> 1,1,1,-2072,2,-1104,3,396
16:54:52.377 -> 1,1,1,-2070,2,-1121,3,406
16:54:52.444 -> 1,1,1,-2062,2,-1089,3,419
16:54:52.511 -> 1,1,1,-2091,2,-1127,3,385
16:54:52.612 -> 1,1,1,-2072,2,-1084,3,399
16:54:52.679 -> 1,1,1,-2077,2,-1118,3,387
16:54:52.747 -> 1,1,1,-2082,2,-1123,3,424
16:54:52.815 -> 1,1,1,-2072,2,-1124,3,416
16:54:52.918 -> 1,1,1,-2073,2,-1130,3,395
16:54:53.018 -> 1,1,1,-2060,2,-1128,3,399
16:54:53.088 -> 1,1,1,-2055,2,-1121,3,409
16:54:53.157 -> 1,1,1,-2077,2,-1125,3,383
16:54:53.224 -> 1,1,1,-2073,2,-1136,3,419
16:54:53.293 -> 1,1,1,-2067,2,-1091,3,369
16:54:53.395 -> 1,1,1,-2077,2,-1107,3,380
16:54:53.464 -> 1,1,1,-2078,2,-1111,3,401
16:54:53.565 -> 1,1,1,-2053,2,-1125,3,432
16:54:53.633 -> 1,1,1,-2065,2,-1112,3,388
16:54:53.699 -> 1,1,1,-2073,2,-1100,3,405
16:54:53.800 -> 1,1,1,-2078,2,-1108,3,373
16:54:53.867 -> 1,1,1,-2075,2,-1100,3,396
16:54:53.934 -> 1,1,1,-2059,2,-1100,3,394
16:54:54.003 -> 1,1,1,-2083,2,-1101,3,372
16:54:54.072 -> 1,1,1,-2068,2,-1119,3,415
16:54:54.207 -> 1,1,1,-2069,2,-1081,3,383
16:54:54.275 -> 1,1,1,-2076,2,-1103,3,422
16:54:54.344 -> 1,1,1,-2072,2,-1109,3,389
16:54:54.413 -> 1,1,1,-2081,2,-1101,3,400
16:54:54.483 -> 1,1,1,-2072,2,-1109,3,414
16:54:54.587 -> 1,1,1,-2066,2,-1098,3,410
16:54:54.654 -> 1,1,1,-2070,2,-1117,3,405
16:54:54.723 -> 1,1,1,-2072,2,-1097,3,391
16:54:54.793 -> 1,1,1,-2073,2,-1110,3,410
16:54:54.860 -> 1,1,1,-2072,2,-1110,3,401
16:54:54.994 -> 1,1,1,-2061,2,-1111,3,405
16:54:55.062 -> 1,1,1,-2058,2,-1099,3,401
16:54:55.165 -> 1,1,1,-2079,2,-1115,3,384
16:54:55.337 -> 1,1,1,-2085,2,-1128,3,374
16:54:55.404 -> 1,1,1,-2069,2,-1111,3,399
16:54:55.507 -> 1,1,1,-2082,2,-1123,3,367
16:54:55.574 -> 1,1,1,-2071,2,-1101,3,389
16:54:55.642 -> 1,1,1,-2068,2,-1093,3,390
16:54:55.743 -> 1,1,1,-2073,2,-1128,3,386
16:54:55.809 -> 1,1,1,-2088,2,-1133,3,377
16:54:55.910 -> 1,1,1,-2089,2,-1114,3,359
16:54:55.979 -> 1,1,1,-2085,2,-1111,3,374
16:54:56.047 -> 1,1,1,-2082,2,-1130,3,379
16:54:56.116 -> 1,1,1,-2073,2,-1113,3,381
16:54:56.183 -> 1,1,1,-2063,2,-1104,3,380
16:54:56.313 -> 1,1,1,-2077,2,-1116,3,372
16:54:56.388 -> 1,1,1,-2067,2,-1123,3,392
16:54:56.456 -> 1,1,1,-2076,2,-1099,3,391
16:54:56.524 -> 1,1,1,-2072,2,-1116,3,389
16:54:56.593 -> 1,1,1,-2060,2,-1113,3,373
16:54:56.697 -> 1,1,1,-2075,2,-1118,3,383
16:54:56.765 -> 1,1,1,-2064,2,-1121,3,381
16:54:56.833 -> 1,1,1,-2069,2,-1114,3,385
16:54:56.903 -> 1,1,1,-2086,2,-1117,3,373
16:54:56.972 -> 1,1,1,-2078,2,-1106,3,378
16:54:57.074 -> 1,1,1,-2071,2,-1110,3,370
16:54:57.177 -> 1,1,1,-2064,2,-1115,3,387
16:54:57.246 -> 1,1,1,-2074,2,-1097,3,400
16:54:57.314 -> 1,1,1,-2072,2,-1115,3,332
16:54:57.382 -> 1,1,1,-2076,2,-1122,3,377
16:54:57.486 -> 1,1,1,-2079,2,-1094,3,394
16:54:57.554 -> 1,1,1,-2088,2,-1130,3,347
16:54:57.623 -> 1,1,1,-2086,2,-1105,3,385
16:54:57.690 -> 1,1,1,-2084,2,-1151,3,373
16:54:57.759 -> 1,1,1,-2069,2,-1120,3,378
16:54:57.895 -> 1,1,1,-2074,2,-1113,3,377
16:54:57.964 -> 1,1,1,-2116,2,-1109,3,374
16:54:58.031 -> 1,1,1,-2079,2,-1118,3,385
16:54:58.099 -> 1,1,1,-2072,2,-1092,3,380
16:54:58.168 -> 1,1,1,-2074,2,-1105,3,387
16:54:58.272 -> 1,1,1,-2074,2,-1107,3,370
16:54:58.341 -> 1,1,1,-2079,2,-1113,3,389
16:54:58.409 -> 1,1,1,-2067,2,-1123,3,376
16:54:58.512 -> 1,1,1,-2068,2,-1109,3,395
16:54:58.682 -> 1,1,1,-2074,2,-1089,3,394
16:54:58.818 -> 1,1,1,-2069,2,-1080,3,411
16:54:58.887 -> 1,1,1,-2068,2,-1113,3,401
16:54:58.955 -> 1,1,1,-2073,2,-1090,3,383
16:54:59.023 -> 1,1,1,-2076,2,-1103,3,383
16:54:59.092 -> 1,1,1,-2069,2,-1093,3,367
16:54:59.196 -> 1,1,1,-2080,2,-1097,3,391
16:54:59.265 -> 1,1,1,-2075,2,-1078,3,403
16:54:59.335 -> 1,1,1,-2068,2,-1069,3,385
16:54:59.405 -> 1,1,1,-2069,2,-1114,3,384
16:54:59.473 -> 1,1,1,-2057,2,-1077,3,381
16:54:59.578 -> 1,1,1,-2085,2,-1083,3,399
16:54:59.646 -> 1,1,1,-2065,2,-1103,3,406
16:54:59.748 -> 1,1,1,-2075,2,-1105,3,399
16:54:59.817 -> 1,1,1,-2082,2,-1107,3,411
16:54:59.886 -> 1,1,1,-2079,2,-1092,3,393
16:54:59.989 -> 1,1,1,-2085,2,-1098,3,401
16:55:00.058 -> 1,1,1,-2057,2,-1080,3,394
16:55:00.128 -> 1,1,1,-2072,2,-1093,3,391
16:55:00.197 -> 1,1,1,-2075,2,-1121,3,393
16:55:00.264 -> 1,1,1,-2066,2,-1087,3,394
16:55:00.368 -> 1,1,1,-2076,2,-1086,3,401
16:55:00.437 -> 1,1,1,-2056,2,-1078,3,418
16:55:00.506 -> 1,1,1,-2035,2,-1051,3,423
16:55:00.608 -> 1,1,1,-2077,2,-1104,3,417
16:55:00.677 -> 1,1,1,-2077,2,-1099,3,402
16:55:00.780 -> 1,1,1,-2066,2,-1065,3,405
16:55:00.849 -> 1,1,1,-2058,2,-1076,3,410
16:55:00.916 -> 1,1,1,-2068,2,-1096,3,395
16:55:00.984 -> 1,1,1,-2063,2,-1093,3,410
16:55:01.052 -> 1,1,1,-2073,2,-1062,3,411
16:55:01.154 -> 1,1,1,-2076,2,-1087,3,404
16:55:01.257 -> 1,1,1,-2074,2,-1094,3,388
16:55:01.325 -> 1,1,1,-2062,2,-1088,3,391
16:55:01.394 -> 1,1,1,-2081,2,-1084,3,375
16:55:01.463 -> 1,1,1,-2063,2,-1096,3,388
16:55:01.565 -> 1,1,1,-2074,2,-1102,3,415
16:55:01.634 -> 1,1,1,-2078,2,-1102,3,406
16:55:01.702 -> 1,1,1,-2063,2,-1094,3,409
16:55:01.771 -> 1,1,1,-2061,2,-1089,3,392
16:55:01.874 -> 1,1,1,-2069,2,-1096,3,372
16:55:02.081 -> 1,1,1,-2081,2,-1101,3,405
16:55:02.149 -> 1,1,1,-2067,2,-1116,3,423
16:55:02.250 -> 1,1,1,-2078,2,-1123,3,404
16:55:02.318 -> 1,1,1,-2074,2,-1127,3,394
16:55:02.387 -> 1,1,1,-2076,2,-1107,3,387
16:55:02.490 -> 1,1,1,-2087,2,-1130,3,397
16:55:02.559 -> 1,1,1,-2081,2,-1118,3,411
16:55:02.627 -> 1,1,1,-2077,2,-1129,3,376
16:55:02.695 -> 1,1,1,-2076,2,-1085,3,391
16:55:02.763 -> 1,1,1,-2071,2,-1106,3,387
16:55:02.864 -> 1,1,1,-2087,2,-1113,3,374
16:55:02.968 -> 1,1,1,-2072,2,-1110,3,380
16:55:03.037 -> 1,1,1,-2075,2,-1089,3,420
16:55:03.104 -> 1,1,1,-2078,2,-1110,3,421
16:55:03.172 -> 1,1,1,-2071,2,-1096,3,393
16:55:03.273 -> 1,1,1,-2070,2,-1097,3,406
16:55:03.342 -> 1,1,1,-2058,2,-1100,3,381
16:55:03.411 -> 1,1,1,-2073,2,-1094,3,398
16:55:03.480 -> 1,1,1,-2073,2,-1075,3,381
16:55:03.548 -> 1,1,1,-2070,2,-1110,3,394
16:55:03.686 -> 1,1,1,-2083,2,-1112,3,384
16:55:03.755 -> 1,1,1,-2069,2,-1086,3,395
16:55:03.822 -> 1,1,1,-2090,2,-1111,3,393
16:55:03.891 -> 1,1,1,-2077,2,-1114,3,396
16:55:03.960 -> 1,1,1,-2088,2,-1118,3,397
16:55:04.063 -> 1,1,1,-2080,2,-1099,3,402
16:55:04.133 -> 1,1,1,-2074,2,-1086,3,365
16:55:04.201 -> 1,1,1,-2076,2,-1107,3,405
16:55:04.268 -> 1,1,1,-2062,2,-1105,3,388
