16:42:26.068 -> 1,1,1,801,2,653,3,-163
16:42:26.090 -> 1,1,1,790,2,661,3,-157
16:42:26.159 -> 1,1,1,791,2,648,3,-159
16:42:26.295 -> 1,1,1,780,2,668,3,-162
16:42:26.362 -> 1,1,1,790,2,658,3,-149
16:42:26.430 -> 1,1,1,788,2,661,3,-183
16:42:26.499 -> 1,1,1,788,2,674,3,-168
16:42:26.568 -> 1,1,1,794,2,670,3,-158
16:42:26.671 -> 1,1,1,777,2,659,3,-170
16:42:26.738 -> 1,1,1,787,2,680,3,-145
16:42:26.807 -> 1,1,1,784,2,664,3,-172
16:42:26.875 -> 1,1,1,785,2,677,3,-155
16:42:26.976 -> 1,1,1,770,2,663,3,-157
16:42:27.077 -> 1,1,1,788,2,664,3,-148
16:42:27.144 -> 1,1,1,794,2,672,3,-175
16:42:27.212 -> 1,1,1,793,2,679,3,-156
16:42:27.282 -> 1,1,1,790,2,673,3,-130
16:42:27.350 -> 1,1,1,789,2,687,3,-168
16:42:27.486 -> 1,1,1,792,2,703,3,-145
16:42:27.656 -> 1,1,1,779,2,699,3,-141
16:42:27.724 -> 1,1,1,779,2,676,3,-169
16:42:27.828 -> 1,1,1,785,2,692,3,-160
16:42:27.895 -> 1,1,1,775,2,675,3,-165
16:42:27.997 -> 1,1,1,761,2,678,3,-162
16:42:28.065 -> 1,1,1,787,2,711,3,-141
16:42:28.131 -> 1,1,1,789,2,712,3,-165
16:42:28.200 -> 1,1,1,788,2,706,3,-151
16:42:28.269 -> 1,1,1,798,2,686,3,-147
16:42:28.371 -> 1,1,1,794,2,705,3,-141
16:42:28.474 -> 1,1,1,784,2,692,3,-174
16:42:28.542 -> 1,1,1,786,2,692,3,-159
16:42:28.612 -> 1,1,1,775,2,715,3,-160
16:42:28.680 -> 1,1,1,788,2,710,3,-170
16:42:28.783 -> 1,1,1,796,2,674,3,-166
16:42:28.851 -> 1,1,1,791,2,702,3,-159
16:42:28.919 -> 1,1,1,790,2,688,3,-148
16:42:28.987 -> 1,1,1,785,2,678,3,-167
16:42:29.056 -> 1,1,1,785,2,691,3,-144
16:42:29.158 -> 1,1,1,790,2,695,3,-149
16:42:29.263 -> 1,1,1,788,2,712,3,-150
16:42:29.332 -> 1,1,1,787,2,694,3,-149
16:42:29.401 -> 1,1,1,787,2,682,3,-155
16:42:29.470 -> 1,1,1,799,2,694,3,-149
16:42:29.571 -> 1,1,1,798,2,709,3,-156
16:42:29.638 -> 1,1,1,797,2,677,3,-156
16:42:29.706 -> 1,1,1,796,2,716,3,-153
16:42:29.775 -> 1,1,1,788,2,684,3,-163
16:42:29.845 -> 1,1,1,773,2,711,3,-143
16:42:29.947 -> 1,1,1,784,2,687,3,-143
16:42:30.051 -> 1,1,1,780,2,726,3,-131
16:42:30.121 -> 1,1,1,789,2,684,3,-158
16:42:30.187 -> 1,1,1,782,2,683,3,-156
16:42:30.256 -> 1,1,1,787,2,692,3,-166
16:42:30.359 -> 1,1,1,787,2,703,3,-155
16:42:30.428 -> 1,1,1,796,2,689,3,-149
16:42:30.498 -> 1,1,1,776,2,687,3,-168
16:42:30.567 -> 1,1,1,762,2,663,3,-161
16:42:30.636 -> 1,1,1,795,2,699,3,-153
16:42:30.739 -> 1,1,1,790,2,704,3,-144
16:42:30.844 -> 1,1,1,787,2,692,3,-138
16:42:31.016 -> 1,1,1,779,2,703,3,-157
16:42:31.084 -> 1,1,1,790,2,680,3,-165
16:42:31.187 -> 1,1,1,789,2,690,3,-146
16:42:31.289 -> 1,1,1,796,2,685,3,-157
16:42:31.359 -> 1,1,1,792,2,669,3,-142
16:42:31.427 -> 1,1,1,778,2,680,3,-171
16:42:31.496 -> 1,1,1,800,2,658,3,-147
16:42:31.565 -> 1,1,1,794,2,664,3,-156
16:42:31.669 -> 1,1,1,773,2,668,3,-166
16:42:31.739 -> 1,1,1,788,2,674,3,-141
16:42:31.808 -> 1,1,1,784,2,687,3,-146
16:42:31.877 -> 1,1,1,798,2,693,3,-144
16:42:31.944 -> 1,1,1,783,2,699,3,-141
16:42:32.081 -> 1,1,1,776,2,683,3,-146
16:42:32.150 -> 1,1,1,779,2,667,3,-151
16:42:32.220 -> 1,1,1,768,2,681,3,-168
16:42:32.290 -> 1,1,1,794,2,674,3,-117
16:42:32.360 -> 1,1,1,798,2,688,3,-162
16:42:32.462 -> 1,1,1,792,2,689,3,-154
16:42:32.530 -> 1,1,1,785,2,708,3,-150
16:42:32.598 -> 1,1,1,791,2,701,3,-156
16:42:32.666 -> 1,1,1,765,2,664,3,-188
16:42:32.733 -> 1,1,1,786,2,686,3,-169
16:42:32.870 -> 1,1,1,790,2,670,3,-141
16:42:32.939 -> 1,1,1,792,2,689,3,-149
16:42:33.008 -> 1,1,1,788,2,682,3,-148
16:42:33.078 -> 1,1,1,792,2,673,3,-157
16:42:33.147 -> 1,1,1,793,2,701,3,-132
16:42:33.250 -> 1,1,1,797,2,671,3,-143
16:42:33.319 -> 1,1,1,787,2,695,3,-157
16:42:33.386 -> 1,1,1,797,2,692,3,-149
16:42:33.455 -> 1,1,1,781,2,668,3,-154
16:42:33.524 -> 1,1,1,789,2,662,3,-141
16:42:33.660 -> 1,1,1,784,2,660,3,-147
16:42:33.728 -> 1,1,1,780,2,674,3,-178
16:42:33.798 -> 1,1,1,792,2,674,3,-144
16:42:33.866 -> 1,1,1,783,2,688,3,-152
16:42:33.934 -> 1,1,1,797,2,697,3,-151
16:42:34.036 -> 1,1,1,791,2,672,3,-134
16:42:34.105 -> 1,1,1,793,2,692,3,-150
16:42:34.210 -> 1,1,1,793,2,681,3,-144
16:42:34.382 -> 1,1,1,782,2,672,3,-167
16:42:34.450 -> 1,1,1,795,2,664,3,-161
16:42:34.553 -> 1,1,1,802,2,658,3,-137
16:42:34.655 -> 1,1,1,773,2,653,3,-156
16:42:34.724 -> 1,1,1,791,2,672,3,-138
16:42:34.793 -> 1,1,1,794,2,673,3,-153
16:42:34.861 -> 1,1,1,784,2,656,3,-150
16:42:34.964 -> 1,1,1,781,2,684,3,-164
16:42:35.032 -> 1,1,1,787,2,684,3,-120
16:42:35.100 -> 1,1,1,793,2,667,3,-147
16:42:35.168 -> 1,1,1,781,2,654,3,-160
16:42:35.236 -> 1,1,1,775,2,662,3,-159
16:42:35.340 -> 1,1,1,777,2,636,3,-177
16:42:35.442 -> 1,1,1,792,2,687,3,-161
16:42:35.511 -> 1,1,1,786,2,662,3,-149
16:42:35.581 -> 1,1,1,781,2,659,3,-167
16:42:35.649 -> 1,1,1,784,2,679,3,-157
16:42:35.752 -> 1,1,1,801,2,699,3,-128
16:42:35.821 -> 1,1,1,816,2,694,3,-149
16:42:35.889 -> 1,1,1,781,2,659,3,-147
16:42:35.957 -> 1,1,1,792,2,700,3,-130
16:42:36.027 -> 1,1,1,775,2,682,3,-164
16:42:36.133 -> 1,1,1,773,2,653,3,-184
16:42:36.200 -> 1,1,1,796,2,698,3,-162
16:42:36.302 -> 1,1,1,769,2,670,3,-146
16:42:36.370 -> 1,1,1,797,2,671,3,-165
16:42:36.439 -> 1,1,1,796,2,684,3,-146
16:42:36.542 -> 1,1,1,801,2,666,3,-149
16:42:36.611 -> 1,1,1,786,2,662,3,-150
16:42:36.680 -> 1,1,1,799,2,699,3,-132
16:42:36.749 -> 1,1,1,781,2,665,3,-165
16:42:36.817 -> 1,1,1,801,2,672,3,-158
16:42:36.920 -> 1,1,1,798,2,707,3,-154
16:42:36.988 -> 1,1,1,777,2,683,3,-152
16:42:37.091 -> 1,1,1,793,2,677,3,-150
16:42:37.159 -> 1,1,1,771,2,663,3,-165
16:42:37.228 -> 1,1,1,811,2,684,3,-124
16:42:37.331 -> 1,1,1,781,2,698,3,-151
16:42:37.398 -> 1,1,1,792,2,671,3,-153
16:42:37.466 -> 1,1,1,782,2,666,3,-161
16:42:37.569 -> 1,1,1,790,2,678,3,-136
16:42:37.739 -> 1,1,1,798,2,664,3,-147
16:42:37.841 -> 1,1,1,780,2,673,3,-160
16:42:37.944 -> 1,1,1,786,2,678,3,-152
16:42:38.013 -> 1,1,1,774,2,658,3,-125
16:42:38.081 -> 1,1,1,784,2,687,3,-154
16:42:38.149 -> 1,1,1,786,2,691,3,-150
16:42:38.253 -> 1,1,1,792,2,658,3,-145
16:42:38.321 -> 1,1,1,775,2,659,3,-170
16:42:38.390 -> 1,1,1,801,2,665,3,-141
16:42:38.459 -> 1,1,1,790,2,655,3,-154
16:42:38.529 -> 1,1,1,793,2,679,3,-142
16:42:38.631 -> 1,1,1,768,2,664,3,-163
16:42:38.700 -> 1,1,1,785,2,666,3,-131
16:42:38.803 -> 1,1,1,773,2,662,3,-172
16:42:38.872 -> 1,1,1,793,2,657,3,-144
16:42:38.940 -> 1,1,1,782,2,665,3,-160
16:42:39.042 -> 1,1,1,776,2,663,3,-147
16:42:39.112 -> 1,1,1,774,2,680,3,-152
16:42:39.179 -> 1,1,1,776,2,688,3,-134
16:42:39.247 -> 1,1,1,795,2,700,3,-139
16:42:39.314 -> 1,1,1,771,2,660,3,-135
16:42:39.419 -> 1,1,1,785,2,658,3,-147
16:42:39.520 -> 1,1,1,769,2,656,3,-150
16:42:39.589 -> 1,1,1,794,2,666,3,-130
16:42:39.658 -> 1,1,1,782,2,667,3,-121
16:42:39.726 -> 1,1,1,794,2,656,3,-153
16:42:39.829 -> 1,1,1,784,2,656,3,-141
16:42:39.897 -> 1,1,1,797,2,661,3,-152
16:42:39.966 -> 1,1,1,794,2,698,3,-146
16:42:40.034 -> 1,1,1,782,2,674,3,-107
16:42:40.102 -> 1,1,1,783,2,676,3,-168
16:42:40.206 -> 1,1,1,781,2,651,3,-141
16:42:40.309 -> 1,1,1,773,2,666,3,-174
16:42:40.376 -> 1,1,1,789,2,683,3,-144
16:42:40.444 -> 1,1,1,791,2,666,3,-165
16:42:40.514 -> 1,1,1,789,2,693,3,-138
16:42:40.617 -> 1,1,1,803,2,657,3,-149
16:42:40.687 -> 1,1,1,777,2,678,3,-155
16:42:40.756 -> 1,1,1,790,2,663,3,-154
16:42:40.826 -> 1,1,1,795,2,678,3,-151
16:42:40.930 -> 1,1,1,782,2,711,3,-163
16:42:41.133 -> 1,1,1,800,2,691,3,-146
16:42:41.202 -> 1,1,1,783,2,704,3,-130
16:42:41.270 -> 1,1,1,781,2,687,3,-137
16:42:41.374 -> 1,1,1,798,2,694,3,-156
16:42:41.442 -> 1,1,1,778,2,701,3,-160
16:42:41.545 -> 1,1,1,803,2,734,3,-121
16:42:41.614 -> 1,1,1,778,2,698,3,-169
16:42:41.684 -> 1,1,1,789,2,702,3,-147
16:42:41.752 -> 1,1,1,781,2,710,3,-158
16:42:41.820 -> 1,1,1,785,2,694,3,-139
16:42:41.922 -> 1,1,1,783,2,709,3,-136
16:42:41.992 -> 1,1,1,801,2,703,3,-145
16:42:42.062 -> 1,1,1,790,2,688,3,-153
16:42:42.131 -> 1,1,1,786,2,696,3,-139
16:42:42.232 -> 1,1,1,775,2,707,3,-159
16:42:42.336 -> 1,1,1,789,2,718,3,-120
16:42:42.405 -> 1,1,1,791,2,713,3,-158
16:42:42.472 -> 1,1,1,786,2,692,3,-145
16:42:42.541 -> 1,1,1,780,2,719,3,-151
16:42:42.610 -> 1,1,1,781,2,704,3,-162
16:42:42.713 -> 1,1,1,789,2,712,3,-139
16:42:42.781 -> 1,1,1,788,2,709,3,-150
16:42:42.850 -> 1,1,1,782,2,694,3,-158
16:42:42.918 -> 1,1,1,793,2,712,3,-151
16:42:43.020 -> 1,1,1,776,2,713,3,-164
16:42:43.122 -> 1,1,1,772,2,694,3,-164
16:42:43.189 -> 1,1,1,784,2,718,3,-152
16:42:43.259 -> 1,1,1,791,2,721,3,-149
16:42:43.327 -> 1,1,1,796,2,713,3,-135
16:42:43.395 -> 1,1,1,792,2,687,3,-158
16:42:43.496 -> 1,1,1,784,2,716,3,-156
16:42:43.564 -> 1,1,1,799,2,685,3,-143
16:42:43.667 -> 1,1,1,788,2,692,3,-153
16:42:43.735 -> 1,1,1,782,2,691,3,-144
16:42:43.804 -> 1,1,1,785,2,693,3,-151
16:42:43.906 -> 1,1,1,791,2,707,3,-148
16:42:43.975 -> 1,1,1,784,2,689,3,-156
16:42:44.042 -> 1,1,1,781,2,664,3,-149
16:42:44.109 -> 1,1,1,791,2,689,3,-142
16:42:44.178 -> 1,1,1,789,2,708,3,-144
16:42:44.316 -> 1,1,1,779,2,628,3,-145
16:42:44.486 -> 1,1,1,758,2,612,3,-173
16:42:44.589 -> 1,1,1,777,2,619,3,-170
16:42:44.659 -> 1,1,1,790,2,668,3,-134
16:42:44.726 -> 1,1,1,806,2,655,3,-153
16:42:44.826 -> 1,1,1,799,2,660,3,-132
16:42:44.894 -> 1,1,1,779,2,655,3,-159
16:42:44.962 -> 1,1,1,777,2,664,3,-159
16:42:45.030 -> 1,1,1,777,2,660,3,-162
16:42:45.098 -> 1,1,1,805,2,663,3,-151
16:42:45.234 -> 1,1,1,788,2,676,3,-161
16:42:45.303 -> 1,1,1,780,2,646,3,-177
16:42:45.372 -> 1,1,1,801,2,676,3,-161
16:42:45.441 -> 1,1,1,774,2,667,3,-154
16:42:45.510 -> 1,1,1,772,2,647,3,-171
16:42:45.612 -> 1,1,1,775,2,670,3,-171
16:42:45.682 -> 1,1,1,766,2,649,3,-178
16:42:45.751 -> 1,1,1,784,2,666,3,-169
16:42:45.820 -> 1,1,1,787,2,647,3,-139
16:42:45.888 -> 1,1,1,774,2,641,3,-168
16:42:46.023 -> 1,1,1,793,2,654,3,-131
16:42:46.091 -> 1,1,1,787,2,666,3,-161
16:42:46.160 -> 1,1,1,773,2,660,3,-177
16:42:46.229 -> 1,1,1,781,2,631,3,-156
16:42:46.296 -> 1,1,1,765,2,619,3,-185
16:42:46.399 -> 1,1,1,790,2,647,3,-150
16:42:46.468 -> 1,1,1,779,2,651,3,-152
16:42:46.536 -> 1,1,1,793,2,657,3,-136
16:42:46.603 -> 1,1,1,793,2,662,3,-165
16:42:46.705 -> 1,1,1,779,2,645,3,-158
16:42:46.807 -> 1,1,1,781,2,649,3,-162
16:42:46.877 -> 1,1,1,789,2,643,3,-168
16:42:46.944 -> 1,1,1,788,2,651,3,-161
16:42:47.014 -> 1,1,1,775,2,659,3,-138
16:42:47.082 -> 1,1,1,792,2,663,3,-175
16:42:47.322 -> 1,1,1,799,2,627,3,-165
16:42:47.392 -> 1,1,1,780,2,645,3,-177
16:42:47.495 -> 1,1,1,793,2,648,3,-153
16:42:47.598 -> 1,1,1,785,2,626,3,-175
16:42:47.701 -> 1,1,1,780,2,660,3,-154
16:42:47.872 -> 1,1,1,800,2,670,3,-148
16:42:47.940 -> 1,1,1,773,2,648,3,-187
16:42:48.009 -> 1,1,1,802,2,683,3,-167
16:42:48.111 -> 1,1,1,794,2,674,3,-175
16:42:48.178 -> 1,1,1,777,2,695,3,-171
16:42:48.247 -> 1,1,1,784,2,681,3,-172
16:42:48.316 -> 1,1,1,784,2,690,3,-122
16:42:48.419 -> 1,1,1,788,2,663,3,-176
16:42:48.523 -> 1,1,1,794,2,710,3,-166
16:42:48.591 -> 1,1,1,788,2,659,3,-163
16:42:48.660 -> 1,1,1,795,2,682,3,-145
16:42:48.729 -> 1,1,1,785,2,657,3,-159
16:42:48.797 -> 1,1,1,790,2,690,3,-158
16:42:48.899 -> 1,1,1,786,2,655,3,-154
16:42:48.966 -> 1,1,1,789,2,693,3,-181
16:42:49.036 -> 1,1,1,791,2,680,3,-177
16:42:49.106 -> 1,1,1,785,2,665,3,-165
16:42:49.175 -> 1,1,1,795,2,689,3,-174
16:42:49.315 -> 1,1,1,773,2,666,3,-175
16:42:49.383 -> 1,1,1,764,2,662,3,-199
16:42:49.451 -> 1,1,1,793,2,684,3,-173
16:42:49.519 -> 1,1,1,790,2,685,3,-183
16:42:49.587 -> 1,1,1,787,2,679,3,-180
16:42:49.688 -> 1,1,1,795,2,674,3,-160
16:42:49.756 -> 1,1,1,782,2,682,3,-177
16:42:49.824 -> 1,1,1,795,2,684,3,-167
16:42:49.892 -> 1,1,1,797,2,688,3,-160
16:42:49.961 -> 1,1,1,777,2,647,3,-175
16:42:50.098 -> 1,1,1,790,2,680,3,-174
16:42:50.167 -> 1,1,1,774,2,677,3,-184
16:42:50.234 -> 1,1,1,794,2,702,3,-167
16:42:50.302 -> 1,1,1,782,2,679,3,-173
16:42:50.370 -> 1,1,1,779,2,664,3,-188
16:42:50.473 -> 1,1,1,771,2,667,3,-172
16:42:50.541 -> 1,1,1,779,2,665,3,-182
16:42:50.608 -> 1,1,1,787,2,695,3,-180
16:42:50.709 -> 1,1,1,785,2,680,3,-182
16:42:50.778 -> 1,1,1,781,2,670,3,-193
16:42:50.882 -> 1,1,1,795,2,680,3,-159
16:42:50.950 -> 1,1,1,796,2,696,3,-185
16:42:51.052 -> 1,1,1,787,2,625,3,-159
16:42:51.225 -> 1,1,1,795,2,679,3,-164
16:42:51.293 -> 1,1,1,772,2,679,3,-165
16:42:51.398 -> 1,1,1,779,2,663,3,-152
16:42:51.466 -> 1,1,1,791,2,647,3,-174
16:42:51.533 -> 1,1,1,797,2,674,3,-153
16:42:51.602 -> 1,1,1,789,2,641,3,-152
16:42:51.705 -> 1,1,1,801,2,662,3,-167
16:42:51.808 -> 1,1,1,786,2,651,3,-180
16:42:51.876 -> 1,1,1,772,2,655,3,-170
16:42:51.945 -> 1,1,1,792,2,635,3,-146
16:42:52.015 -> 1,1,1,785,2,637,3,-163
16:42:52.083 -> 1,1,1,766,2,646,3,-173
16:42:52.185 -> 1,1,1,773,2,619,3,-196
16:42:52.254 -> 1,1,1,779,2,667,3,-141
16:42:52.322 -> 1,1,1,784,2,656,3,-143
16:42:52.423 -> 1,1,1,790,2,650,3,-175
16:42:52.492 -> 1,1,1,794,2,650,3,-184
16:42:52.595 -> 1,1,1,789,2,640,3,-144
16:42:52.662 -> 1,1,1,791,2,657,3,-165
16:42:52.730 -> 1,1,1,778,2,656,3,-154
16:42:52.799 -> 1,1,1,785,2,658,3,-187
16:42:52.867 -> 1,1,1,796,2,666,3,-188
16:42:52.968 -> 1,1,1,791,2,661,3,-170
16:42:53.070 -> 1,1,1,782,2,619,3,-158
16:42:53.138 -> 1,1,1,789,2,643,3,-169
16:42:53.208 -> 1,1,1,793,2,666,3,-163
16:42:53.277 -> 1,1,1,773,2,639,3,-177
16:42:53.380 -> 1,1,1,786,2,669,3,-169
16:42:53.449 -> 1,1,1,791,2,674,3,-151
16:42:53.517 -> 1,1,1,799,2,669,3,-159
16:42:53.586 -> 1,1,1,794,2,657,3,-165
16:42:53.655 -> 1,1,1,784,2,664,3,-170
16:42:53.757 -> 1,1,1,790,2,646,3,-162
16:42:53.859 -> 1,1,1,781,2,663,3,-169
16:42:53.927 -> 1,1,1,799,2,674,3,-163
16:42:53.995 -> 1,1,1,791,2,669,3,-157
16:42:54.065 -> 1,1,1,796,2,684,3,-155
16:42:54.167 -> 1,1,1,782,2,665,3,-144
16:42:54.235 -> 1,1,1,789,2,657,3,-165
16:42:54.303 -> 1,1,1,791,2,660,3,-185
16:42:54.406 -> 1,1,1,763,2,666,3,-177
16:42:54.578 -> 1,1,1,784,2,686,3,-162
16:42:54.680 -> 1,1,1,787,2,681,3,-164
16:42:54.783 -> 1,1,1,771,2,684,3,-181
16:42:54.850 -> 1,1,1,775,2,680,3,-166
16:42:54.917 -> 1,1,1,779,2,681,3,-174
16:42:54.986 -> 1,1,1,791,2,685,3,-171
16:42:55.089 -> 1,1,1,776,2,683,3,-164
16:42:55.089 -> 1,1,1,776,2,683,3,-164
16:42:55.296 -> 1,1,1,771,2,664,3,-159
16:42:55.364 -> 1,1,1,784,2,678,3,-165
16:42:55.472 -> 1,1,1,781,2,676,3,-170
16:42:55.541 -> 1,1,1,785,2,713,3,-166
16:42:55.610 -> 1,1,1,761,2,684,3,-167
16:42:55.713 -> 1,1,1,782,2,665,3,-183
16:42:55.782 -> 1,1,1,776,2,704,3,-165
16:42:55.885 -> 1,1,1,796,2,678,3,-156
16:42:55.953 -> 1,1,1,782,2,702,3,-167
16:42:56.021 -> 1,1,1,778,2,671,3,-173
16:42:56.089 -> 1,1,1,782,2,680,3,-159
16:42:56.159 -> 1,1,1,782,2,689,3,-170
16:42:56.261 -> 1,1,1,777,2,684,3,-167
16:42:56.331 -> 1,1,1,785,2,693,3,-163
16:42:56.400 -> 1,1,1,760,2,636,3,-183
16:42:56.469 -> 1,1,1,778,2,688,3,-179
16:42:56.572 -> 1,1,1,773,2,684,3,-150
16:42:56.675 -> 1,1,1,789,2,686,3,-158
16:42:56.745 -> 1,1,1,786,2,685,3,-183
16:42:56.813 -> 1,1,1,783,2,671,3,-159
16:42:56.883 -> 1,1,1,782,2,683,3,-164
16:42:56.950 -> 1,1,1,773,2,682,3,-163
16:42:57.054 -> 1,1,1,777,2,684,3,-169
16:42:57.121 -> 1,1,1,792,2,697,3,-145
16:42:57.190 -> 1,1,1,783,2,686,3,-163
16:42:57.258 -> 1,1,1,798,2,695,3,-152
16:42:57.361 -> 1,1,1,761,2,636,3,-151
16:42:57.465 -> 1,1,1,789,2,667,3,-160
16:42:57.533 -> 1,1,1,782,2,695,3,-158
16:42:57.600 -> 1,1,1,769,2,685,3,-156
16:42:57.668 -> 1,1,1,782,2,677,3,-143
16:42:57.773 -> 1,1,1,783,2,679,3,-176
16:42:57.979 -> 1,1,1,779,2,673,3,-170
16:42:58.046 -> 1,1,1,804,2,701,3,-183
16:42:58.114 -> 1,1,1,797,2,657,3,-169
16:42:58.183 -> 1,1,1,802,2,687,3,-153
16:42:58.252 -> 1,1,1,791,2,689,3,-136
16:42:58.391 -> 1,1,1,777,2,691,3,-179
16:42:58.460 -> 1,1,1,781,2,689,3,-175
16:42:58.529 -> 1,1,1,785,2,669,3,-154
16:42:58.598 -> 1,1,1,788,2,693,3,-163
16:42:58.667 -> 1,1,1,784,2,685,3,-166
16:42:58.770 -> 1,1,1,790,2,672,3,-163
16:42:58.837 -> 1,1,1,804,2,705,3,-152
16:42:58.904 -> 1,1,1,798,2,690,3,-163
16:42:58.972 -> 1,1,1,799,2,675,3,-159
16:42:59.041 -> 1,1,1,792,2,675,3,-182
16:42:59.180 -> 1,1,1,782,2,671,3,-163
16:42:59.249 -> 1,1,1,779,2,673,3,-185
16:42:59.317 -> 1,1,1,789,2,691,3,-167
16:42:59.387 -> 1,1,1,794,2,694,3,-157
16:42:59.457 -> 1,1,1,798,2,677,3,-177
16:42:59.560 -> 1,1,1,786,2,690,3,-168
16:42:59.629 -> 1,1,1,779,2,701,3,-173
16:42:59.697 -> 1,1,1,788,2,702,3,-169
16:42:59.766 -> 1,1,1,776,2,687,3,-177
16:42:59.834 -> 1,1,1,775,2,688,3,-172
16:42:59.936 -> 1,1,1,799,2,697,3,-163
16:43:00.038 -> 1,1,1,802,2,689,3,-166
16:43:00.107 -> 1,1,1,782,2,682,3,-169
16:43:00.174 -> 1,1,1,801,2,707,3,-162
16:43:00.243 -> 1,1,1,795,2,691,3,-158
16:43:00.347 -> 1,1,1,783,2,679,3,-174
16:43:00.419 -> 1,1,1,777,2,647,3,-178
16:43:00.487 -> 1,1,1,798,2,677,3,-166
16:43:00.556 -> 1,1,1,781,2,709,3,-169
16:43:00.625 -> 1,1,1,797,2,711,3,-161
16:43:00.729 -> 1,1,1,800,2,670,3,-166
16:43:00.799 -> 1,1,1,798,2,688,3,-173
16:43:00.902 -> 1,1,1,821,2,716,3,-153
16:43:00.970 -> 1,1,1,790,2,686,3,-172
16:43:01.038 -> 1,1,1,789,2,693,3,-166
16:43:01.174 -> 1,1,1,789,2,678,3,-165
16:43:01.347 -> 1,1,1,777,2,670,3,-156
16:43:01.415 -> 1,1,1,788,2,685,3,-120
16:43:01.482 -> 1,1,1,785,2,672,3,-156
16:43:01.551 -> 1,1,1,800,2,674,3,-134
16:43:01.655 -> 1,1,1,776,2,660,3,-171
16:43:01.722 -> 1,1,1,796,2,676,3,-157
16:43:01.790 -> 1,1,1,786,2,671,3,-151
16:43:01.894 -> 1,1,1,793,2,692,3,-140
16:43:01.963 -> 1,1,1,797,2,679,3,-176
16:43:02.068 -> 1,1,1,781,2,662,3,-173
16:43:02.138 -> 1,1,1,778,2,665,3,-143
16:43:02.207 -> 1,1,1,781,2,685,3,-159
16:43:02.276 -> 1,1,1,798,2,676,3,-143
16:43:02.344 -> 1,1,1,782,2,689,3,-156
16:43:02.447 -> 1,1,1,785,2,667,3,-137
16:43:02.515 -> 1,1,1,778,2,652,3,-179
16:43:02.582 -> 1,1,1,791,2,687,3,-128
16:43:02.684 -> 1,1,1,788,2,687,3,-151
16:43:02.754 -> 1,1,1,791,2,657,3,-134
16:43:02.858 -> 1,1,1,787,2,680,3,-144
16:43:02.926 -> 1,1,1,786,2,682,3,-146
16:43:02.994 -> 1,1,1,782,2,701,3,-154
16:43:03.062 -> 1,1,1,788,2,661,3,-149
16:43:03.132 -> 1,1,1,784,2,664,3,-151
16:43:03.234 -> 1,1,1,790,2,680,3,-165
16:43:03.304 -> 1,1,1,790,2,663,3,-155
16:43:03.372 -> 1,1,1,772,2,656,3,-149
16:43:03.442 -> 1,1,1,784,2,672,3,-156
16:43:03.545 -> 1,1,1,787,2,663,3,-140
16:43:03.648 -> 1,1,1,788,2,676,3,-165
16:43:03.717 -> 1,1,1,766,2,660,3,-163
16:43:03.787 -> 1,1,1,787,2,673,3,-173
16:43:03.855 -> 1,1,1,789,2,683,3,-145
16:43:03.924 -> 1,1,1,787,2,688,3,-145
16:43:04.029 -> 1,1,1,790,2,677,3,-156
16:43:04.096 -> 1,1,1,786,2,675,3,-167
16:43:04.164 -> 1,1,1,792,2,690,3,-142
16:43:04.233 -> 1,1,1,788,2,658,3,-184
16:43:04.302 -> 1,1,1,788,2,688,3,-158
16:43:04.438 -> 1,1,1,795,2,691,3,-137
16:43:04.541 -> 1,1,1,803,2,697,3,-140
16:43:04.713 -> 1,1,1,788,2,678,3,-159
16:43:04.782 -> 1,1,1,804,2,715,3,-149
16:43:04.851 -> 1,1,1,786,2,674,3,-144
16:43:04.953 -> 1,1,1,795,2,682,3,-156
16:43:05.021 -> 1,1,1,799,2,698,3,-141
16:43:05.090 -> 1,1,1,801,2,705,3,-159
16:43:05.158 -> 1,1,1,800,2,708,3,-143
16:43:05.226 -> 1,1,1,790,2,681,3,-149
16:43:05.364 -> 1,1,1,793,2,677,3,-167
16:43:05.432 -> 1,1,1,793,2,688,3,-127
16:43:05.501 -> 1,1,1,798,2,686,3,-156
16:43:05.569 -> 1,1,1,790,2,687,3,-163
16:43:05.636 -> 1,1,1,808,2,705,3,-143
16:43:05.738 -> 1,1,1,785,2,671,3,-183
16:43:05.807 -> 1,1,1,789,2,671,3,-168
16:43:05.876 -> 1,1,1,801,2,691,3,-145
16:43:05.944 -> 1,1,1,795,2,648,3,-146
16:43:06.012 -> 1,1,1,798,2,698,3,-155
16:43:06.149 -> 1,1,1,800,2,700,3,-163
16:43:06.216 -> 1,1,1,798,2,687,3,-150
16:43:06.286 -> 1,1,1,785,2,670,3,-161
16:43:06.356 -> 1,1,1,779,2,680,3,-155
16:43:06.425 -> 1,1,1,796,2,683,3,-156
16:43:06.529 -> 1,1,1,785,2,671,3,-164
16:43:06.598 -> 1,1,1,795,2,684,3,-161
16:43:06.666 -> 1,1,1,799,2,681,3,-128
16:43:06.736 -> 1,1,1,791,2,700,3,-176
16:43:06.804 -> 1,1,1,798,2,685,3,-130
16:43:06.942 -> 1,1,1,780,2,673,3,-164
16:43:07.009 -> 1,1,1,789,2,676,3,-154
16:43:07.079 -> 1,1,1,782,2,663,3,-157
16:43:07.217 -> 1,1,1,800,2,689,3,-161
16:43:07.319 -> 1,1,1,789,2,678,3,-148
16:43:07.387 -> 1,1,1,793,2,686,3,-154
16:43:07.456 -> 1,1,1,794,2,678,3,-149
16:43:07.524 -> 1,1,1,791,2,687,3,-153
16:43:07.593 -> 1,1,1,788,2,692,3,-160
16:43:07.729 -> 1,1,1,786,2,686,3,-141
16:43:07.799 -> 1,1,1,802,2,682,3,-147
16:43:07.903 -> 1,1,1,784,2,690,3,-159
16:43:08.074 -> 1,1,1,790,2,697,3,-152
16:43:08.143 -> 1,1,1,780,2,697,3,-145
16:43:08.244 -> 1,1,1,791,2,701,3,-144
16:43:08.312 -> 1,1,1,779,2,729,3,-145
16:43:08.380 -> 1,1,1,790,2,692,3,-153
16:43:08.449 -> 1,1,1,780,2,673,3,-135
16:43:08.516 -> 1,1,1,772,2,692,3,-160
16:43:08.655 -> 1,1,1,795,2,675,3,-145
16:43:08.723 -> 1,1,1,784,2,704,3,-134
16:43:08.790 -> 1,1,1,782,2,707,3,-166
16:43:08.858 -> 1,1,1,780,2,711,3,-130
16:43:08.928 -> 1,1,1,782,2,692,3,-148
16:43:09.033 -> 1,1,1,813,2,730,3,-126
16:43:09.102 -> 1,1,1,794,2,707,3,-111
16:43:09.172 -> 1,1,1,794,2,693,3,-150
16:43:09.241 -> 1,1,1,797,2,708,3,-152
16:43:09.310 -> 1,1,1,790,2,693,3,-144
16:43:09.413 -> 1,1,1,786,2,691,3,-126
16:43:09.482 -> 1,1,1,782,2,692,3,-148
16:43:09.587 -> 1,1,1,792,2,697,3,-142
16:43:09.655 -> 1,1,1,785,2,695,3,-159
16:43:09.723 -> 1,1,1,775,2,708,3,-147
16:43:09.826 -> 1,1,1,789,2,719,3,-144
16:43:09.894 -> 1,1,1,798,2,717,3,-119
16:43:09.962 -> 1,1,1,790,2,719,3,-131
16:43:10.029 -> 1,1,1,786,2,703,3,-153
16:43:10.098 -> 1,1,1,783,2,687,3,-142
16:43:10.200 -> 1,1,1,783,2,703,3,-144
16:43:10.304 -> 1,1,1,791,2,689,3,-125
16:43:10.372 -> 1,1,1,785,2,702,3,-170
16:43:10.441 -> 1,1,1,775,2,698,3,-165
16:43:10.510 -> 1,1,1,789,2,722,3,-149
16:43:10.613 -> 1,1,1,799,2,694,3,-146
16:43:10.682 -> 1,1,1,773,2,687,3,-149
16:43:10.748 -> 1,1,1,792,2,683,3,-161
16:43:10.819 -> 1,1,1,782,2,736,3,-147
16:43:10.886 -> 1,1,1,776,2,687,3,-146
16:43:10.989 -> 1,1,1,769,2,687,3,-170
16:43:11.092 -> 1,1,1,781,2,706,3,-141
16:43:11.160 -> 1,1,1,774,2,692,3,-144
16:43:11.265 -> 1,1,1,784,2,683,3,-150
16:43:11.438 -> 1,1,1,768,2,675,3,-182
16:43:11.540 -> 1,1,1,798,2,677,3,-164
16:43:11.610 -> 1,1,1,778,2,682,3,-143
16:43:11.678 -> 1,1,1,795,2,675,3,-181
16:43:11.747 -> 1,1,1,782,2,671,3,-172
16:43:11.815 -> 1,1,1,788,2,683,3,-136
16:43:11.917 -> 1,1,1,794,2,705,3,-157
16:43:11.985 -> 1,1,1,795,2,671,3,-167
16:43:12.087 -> 1,1,1,783,2,661,3,-159
16:43:12.156 -> 1,1,1,777,2,661,3,-173
16:43:12.226 -> 1,1,1,794,2,687,3,-174
16:43:12.329 -> 1,1,1,786,2,693,3,-158
16:43:12.397 -> 1,1,1,797,2,690,3,-140
16:43:12.465 -> 1,1,1,784,2,687,3,-174
16:43:12.534 -> 1,1,1,784,2,693,3,-155
16:43:12.602 -> 1,1,1,791,2,681,3,-154
16:43:12.704 -> 1,1,1,785,2,694,3,-168
16:43:12.771 -> 1,1,1,795,2,687,3,-168
16:43:12.874 -> 1,1,1,794,2,677,3,-157
16:43:12.943 -> 1,1,1,780,2,680,3,-184
16:43:13.012 -> 1,1,1,794,2,693,3,-158
16:43:13.116 -> 1,1,1,775,2,671,3,-145
16:43:13.184 -> 1,1,1,796,2,674,3,-171
16:43:13.253 -> 1,1,1,787,2,664,3,-159
16:43:13.321 -> 1,1,1,780,2,663,3,-156
16:43:13.390 -> 1,1,1,803,2,688,3,-133
16:43:13.493 -> 1,1,1,799,2,695,3,-162
16:43:13.563 -> 1,1,1,787,2,694,3,-166
16:43:13.631 -> 1,1,1,791,2,680,3,-140
16:43:13.734 -> 1,1,1,789,2,655,3,-178
16:43:13.803 -> 1,1,1,788,2,688,3,-152
16:43:13.905 -> 1,1,1,777,2,669,3,-170
16:43:13.975 -> 1,1,1,775,2,674,3,-165
16:43:14.044 -> 1,1,1,788,2,675,3,-153
16:43:14.113 -> 1,1,1,783,2,670,3,-160
16:43:14.182 -> 1,1,1,791,2,673,3,-169
16:43:14.284 -> 1,1,1,795,2,706,3,-172
16:43:14.353 -> 1,1,1,789,2,683,3,-142
16:43:14.422 -> 1,1,1,781,2,685,3,-164
16:43:14.490 -> 1,1,1,776,2,681,3,-175
16:43:14.593 -> 1,1,1,769,2,690,3,-148
16:43:14.833 -> 1,1,1,784,2,672,3,-137
16:43:14.903 -> 1,1,1,782,2,682,3,-156
16:43:14.972 -> 1,1,1,803,2,685,3,-148
16:43:15.041 -> 1,1,1,787,2,684,3,-185
16:43:15.110 -> 1,1,1,774,2,662,3,-165
16:43:15.213 -> 1,1,1,786,2,694,3,-148
16:43:15.283 -> 1,1,1,793,2,712,3,-151
16:43:15.350 -> 1,1,1,788,2,667,3,-143
16:43:15.425 -> 1,1,1,790,2,651,3,-141
16:43:15.494 -> 1,1,1,771,2,690,3,-157
16:43:15.598 -> 1,1,1,795,2,686,3,-146
16:43:15.668 -> 1,1,1,777,2,662,3,-152
16:43:15.736 -> 1,1,1,793,2,671,3,-146
16:43:15.839 -> 1,1,1,783,2,646,3,-145
16:43:15.907 -> 1,1,1,786,2,666,3,-162
16:43:16.010 -> 1,1,1,786,2,671,3,-151
16:43:16.080 -> 1,1,1,792,2,686,3,-154
16:43:16.149 -> 1,1,1,790,2,673,3,-166
16:43:16.217 -> 1,1,1,792,2,667,3,-152
16:43:16.285 -> 1,1,1,790,2,683,3,-140
16:43:16.390 -> 1,1,1,779,2,694,3,-149
16:43:16.458 -> 1,1,1,790,2,677,3,-141
16:43:16.525 -> 1,1,1,796,2,673,3,-159
16:43:16.629 -> 1,1,1,787,2,664,3,-171
16:43:16.699 -> 1,1,1,785,2,674,3,-156
16:43:16.802 -> 1,1,1,783,2,673,3,-150
16:43:16.870 -> 1,1,1,778,2,669,3,-148
16:43:16.938 -> 1,1,1,793,2,668,3,-128
16:43:17.006 -> 1,1,1,794,2,658,3,-146
16:43:17.074 -> 1,1,1,792,2,668,3,-156
16:43:17.176 -> 1,1,1,776,2,669,3,-145
16:43:17.244 -> 1,1,1,786,2,691,3,-140
16:43:17.312 -> 1,1,1,791,2,680,3,-140
16:43:17.417 -> 1,1,1,797,2,677,3,-148
16:43:17.485 -> 1,1,1,769,2,643,3,-171
16:43:17.588 -> 1,1,1,788,2,686,3,-140
16:43:17.657 -> 1,1,1,786,2,694,3,-148
16:43:17.727 -> 1,1,1,788,2,688,3,-128
16:43:17.796 -> 1,1,1,785,2,668,3,-136
16:43:17.867 -> 1,1,1,779,2,686,3,-146
16:43:18.003 -> 1,1,1,810,2,676,3,-177
16:43:18.174 -> 1,1,1,800,2,697,3,-154
16:43:18.243 -> 1,1,1,797,2,681,3,-140
16:43:18.313 -> 1,1,1,789,2,676,3,-172
16:43:18.380 -> 1,1,1,810,2,692,3,-141
16:43:18.519 -> 1,1,1,792,2,686,3,-158
16:43:18.587 -> 1,1,1,791,2,678,3,-148
16:43:18.656 -> 1,1,1,793,2,670,3,-134
16:43:18.725 -> 1,1,1,778,2,665,3,-168
16:43:18.795 -> 1,1,1,788,2,660,3,-148
16:43:18.898 -> 1,1,1,799,2,683,3,-136
16:43:18.968 -> 1,1,1,788,2,670,3,-157
16:43:19.038 -> 1,1,1,790,2,671,3,-165
16:43:19.107 -> 1,1,1,788,2,690,3,-162
16:43:19.177 -> 1,1,1,790,2,669,3,-154
16:43:19.281 -> 1,1,1,793,2,671,3,-150
16:43:19.350 -> 1,1,1,780,2,680,3,-159
16:43:19.419 -> 1,1,1,788,2,676,3,-168
16:43:19.523 -> 1,1,1,774,2,661,3,-172
16:43:19.592 -> 1,1,1,798,2,649,3,-165
16:43:19.694 -> 1,1,1,795,2,664,3,-164
16:43:19.763 -> 1,1,1,779,2,643,3,-149
16:43:19.831 -> 1,1,1,799,2,643,3,-167
16:43:19.899 -> 1,1,1,798,2,669,3,-167
16:43:19.967 -> 1,1,1,797,2,685,3,-162
16:43:20.070 -> 1,1,1,783,2,663,3,-167
16:43:20.138 -> 1,1,1,789,2,674,3,-173
16:43:20.206 -> 1,1,1,796,2,671,3,-179
16:43:20.308 -> 1,1,1,773,2,657,3,-162
16:43:20.377 -> 1,1,1,778,2,679,3,-187
16:43:20.479 -> 1,1,1,774,2,666,3,-180
16:43:20.547 -> 1,1,1,798,2,680,3,-165
16:43:20.616 -> 1,1,1,775,2,688,3,-177
16:43:20.684 -> 1,1,1,777,2,645,3,-178
16:43:20.752 -> 1,1,1,783,2,680,3,-149
16:43:20.853 -> 1,1,1,790,2,680,3,-175
16:43:20.956 -> 1,1,1,782,2,694,3,-150
16:43:21.023 -> 1,1,1,797,2,692,3,-149
16:43:21.090 -> 1,1,1,793,2,694,3,-150
16:43:21.159 -> 1,1,1,759,2,687,3,-164
16:43:21.261 -> 1,1,1,793,2,686,3,-159
16:43:21.362 -> 1,1,1,793,2,660,3,-180
16:43:21.533 -> 1,1,1,794,2,679,3,-176
16:43:21.602 -> 1,1,1,793,2,678,3,-186
16:43:21.671 -> 1,1,1,781,2,669,3,-150
16:43:21.807 -> 1,1,1,797,2,678,3,-155
16:43:21.875 -> 1,1,1,776,2,670,3,-159
16:43:21.945 -> 1,1,1,786,2,679,3,-178
16:43:22.013 -> 1,1,1,783,2,648,3,-142
16:43:22.082 -> 1,1,1,778,2,645,3,-187
16:43:22.185 -> 1,1,1,787,2,665,3,-159
16:43:22.255 -> 1,1,1,790,2,662,3,-150
16:43:22.325 -> 1,1,1,784,2,668,3,-157
16:43:22.392 -> 1,1,1,789,2,683,3,-165
16:43:22.460 -> 1,1,1,793,2,676,3,-158
16:43:22.564 -> 1,1,1,784,2,695,3,-145
16:43:22.667 -> 1,1,1,781,2,670,3,-155
16:43:22.735 -> 1,1,1,779,2,679,3,-182
16:43:22.804 -> 1,1,1,781,2,678,3,-153
16:43:22.871 -> 1,1,1,781,2,677,3,-151
16:43:22.975 -> 1,1,1,794,2,682,3,-157
16:43:23.043 -> 1,1,1,807,2,668,3,-158
16:43:23.112 -> 1,1,1,788,2,670,3,-158
16:43:23.181 -> 1,1,1,782,2,685,3,-166
16:43:23.248 -> 1,1,1,786,2,667,3,-146
16:43:23.352 -> 1,1,1,794,2,676,3,-141
16:43:23.453 -> 1,1,1,789,2,656,3,-139
16:43:23.523 -> 1,1,1,781,2,664,3,-176
16:43:23.591 -> 1,1,1,782,2,697,3,-164
16:43:23.659 -> 1,1,1,800,2,707,3,-153
16:43:23.761 -> 1,1,1,777,2,673,3,-168
16:43:23.830 -> 1,1,1,793,2,678,3,-154
16:43:23.897 -> 1,1,1,791,2,672,3,-152
16:43:23.966 -> 1,1,1,786,2,679,3,-180
16:43:24.034 -> 1,1,1,795,2,687,3,-160
16:43:24.172 -> 1,1,1,795,2,669,3,-148
16:43:24.241 -> 1,1,1,775,2,686,3,-166
16:43:24.309 -> 1,1,1,794,2,662,3,-172
16:43:24.378 -> 1,1,1,800,2,675,3,-161
16:43:24.447 -> 1,1,1,795,2,700,3,-150
16:43:24.550 -> 1,1,1,769,2,646,3,-166
16:43:24.617 -> 1,1,1,781,2,667,3,-182
16:43:24.721 -> 1,1,1,783,2,666,3,-199
16:43:24.894 -> 1,1,1,780,2,705,3,-139
16:43:24.963 -> 1,1,1,781,2,672,3,-177
16:43:25.067 -> 1,1,1,798,2,667,3,-173
16:43:25.168 -> 1,1,1,777,2,676,3,-183
16:43:25.234 -> 1,1,1,787,2,672,3,-164
16:43:25.303 -> 1,1,1,786,2,681,3,-187
16:43:25.372 -> 1,1,1,785,2,665,3,-177
16:43:25.476 -> 1,1,1,778,2,676,3,-176
16:43:25.543 -> 1,1,1,781,2,667,3,-172
16:43:25.610 -> 1,1,1,785,2,698,3,-183
16:43:25.679 -> 1,1,1,792,2,672,3,-178
16:43:25.747 -> 1,1,1,785,2,682,3,-176
16:43:25.884 -> 1,1,1,793,2,693,3,-178
16:43:25.953 -> 1,1,1,765,2,661,3,-197
16:43:26.022 -> 1,1,1,798,2,690,3,-165
16:43:26.090 -> 1,1,1,792,2,666,3,-178
16:43:26.159 -> 1,1,1,779,2,652,3,-180
16:43:26.260 -> 1,1,1,790,2,691,3,-174
16:43:26.328 -> 1,1,1,776,2,644,3,-191
16:43:26.396 -> 1,1,1,790,2,662,3,-196
16:43:26.464 -> 1,1,1,788,2,684,3,-176
16:43:26.533 -> 1,1,1,793,2,688,3,-192
16:43:26.671 -> 1,1,1,774,2,664,3,-205
16:43:26.740 -> 1,1,1,779,2,672,3,-198
16:43:26.807 -> 1,1,1,779,2,705,3,-194
16:43:26.874 -> 1,1,1,791,2,681,3,-173
16:43:26.943 -> 1,1,1,794,2,695,3,-201
16:43:27.045 -> 1,1,1,776,2,679,3,-214
16:43:27.115 -> 1,1,1,791,2,664,3,-203
16:43:27.185 -> 1,1,1,779,2,688,3,-180
16:43:27.254 -> 1,1,1,787,2,687,3,-173
16:43:27.322 -> 1,1,1,788,2,673,3,-195
16:43:27.459 -> 1,1,1,784,2,686,3,-187
16:43:27.526 -> 1,1,1,770,2,659,3,-183
16:43:27.595 -> 1,1,1,791,2,657,3,-168
16:43:27.664 -> 1,1,1,772,2,685,3,-201
16:43:27.734 -> 1,1,1,789,2,681,3,-190
16:43:27.837 -> 1,1,1,787,2,662,3,-174
16:43:27.906 -> 1,1,1,785,2,682,3,-197
16:43:27.974 -> 1,1,1,775,2,654,3,-180
16:43:28.076 -> 1,1,1,795,2,663,3,-159
16:43:28.246 -> 1,1,1,781,2,681,3,-154
16:43:28.384 -> 1,1,1,801,2,664,3,-171
16:43:28.451 -> 1,1,1,789,2,679,3,-174
16:43:28.521 -> 1,1,1,782,2,686,3,-147
16:43:28.659 -> 1,1,1,793,2,692,3,-158
16:43:28.761 -> 1,1,1,784,2,668,3,-148
16:43:28.831 -> 1,1,1,776,2,659,3,-174
16:43:28.899 -> 1,1,1,795,2,656,3,-161
16:43:28.967 -> 1,1,1,768,2,653,3,-171
16:43:29.037 -> 1,1,1,802,2,670,3,-175
16:43:29.141 -> 1,1,1,790,2,668,3,-164
16:43:29.211 -> 1,1,1,789,2,670,3,-144
16:43:29.312 -> 1,1,1,791,2,675,3,-147
16:43:29.380 -> 1,1,1,803,2,651,3,-163
16:43:29.449 -> 1,1,1,793,2,671,3,-152
16:43:29.553 -> 1,1,1,782,2,701,3,-177
16:43:29.621 -> 1,1,1,796,2,691,3,-159
16:43:29.691 -> 1,1,1,790,2,687,3,-174
16:43:29.759 -> 1,1,1,779,2,658,3,-178
16:43:29.828 -> 1,1,1,800,2,670,3,-146
16:43:29.932 -> 1,1,1,795,2,661,3,-159
16:43:30.000 -> 1,1,1,788,2,664,3,-171
16:43:30.069 -> 1,1,1,800,2,687,3,-157
16:43:30.173 -> 1,1,1,778,2,678,3,-189
16:43:30.242 -> 1,1,1,787,2,675,3,-158
16:43:30.346 -> 1,1,1,800,2,699,3,-160
16:43:30.415 -> 1,1,1,785,2,697,3,-146
16:43:30.484 -> 1,1,1,786,2,694,3,-161
16:43:30.553 -> 1,1,1,796,2,685,3,-164
16:43:30.620 -> 1,1,1,786,2,679,3,-167
16:43:30.724 -> 1,1,1,783,2,678,3,-180
16:43:30.792 -> 1,1,1,788,2,679,3,-170
16:43:30.860 -> 1,1,1,789,2,699,3,-153
16:43:30.962 -> 1,1,1,789,2,670,3,-143
16:43:31.030 -> 1,1,1,793,2,671,3,-158
16:43:31.133 -> 1,1,1,791,2,692,3,-154
16:43:31.200 -> 1,1,1,790,2,660,3,-140
16:43:31.269 -> 1,1,1,765,2,641,3,-158
16:43:31.337 -> 1,1,1,790,2,674,3,-145
16:43:31.439 -> 1,1,1,797,2,673,3,-119
16:43:31.644 -> 1,1,1,789,2,661,3,-124
16:43:31.713 -> 1,1,1,783,2,679,3,-142
16:43:31.781 -> 1,1,1,784,2,665,3,-150
16:43:31.884 -> 1,1,1,793,2,667,3,-145
16:43:31.954 -> 1,1,1,777,2,667,3,-136
16:43:32.056 -> 1,1,1,793,2,678,3,-106
16:43:32.124 -> 1,1,1,789,2,675,3,-142
16:43:32.192 -> 1,1,1,787,2,689,3,-150
16:43:32.260 -> 1,1,1,792,2,669,3,-124
16:43:32.328 -> 1,1,1,803,2,696,3,-104
16:43:32.432 -> 1,1,1,785,2,669,3,-125
16:43:32.500 -> 1,1,1,790,2,688,3,-115
16:43:32.604 -> 1,1,1,788,2,687,3,-126
16:43:32.671 -> 1,1,1,785,2,682,3,-121
16:43:32.738 -> 1,1,1,786,2,666,3,-142
16:43:32.840 -> 1,1,1,779,2,654,3,-146
16:43:32.909 -> 1,1,1,790,2,663,3,-129
16:43:32.977 -> 1,1,1,787,2,683,3,-139
16:43:33.047 -> 1,1,1,785,2,683,3,-157
16:43:33.115 -> 1,1,1,796,2,683,3,-121
16:43:33.220 -> 1,1,1,799,2,695,3,-147
16:43:33.288 -> 1,1,1,797,2,682,3,-128
16:43:33.358 -> 1,1,1,786,2,694,3,-134
16:43:33.461 -> 1,1,1,795,2,645,3,-143
16:43:33.530 -> 1,1,1,795,2,704,3,-130
16:43:33.770 -> 1,1,1,763,2,663,3,-151
16:43:33.839 -> 1,1,1,792,2,713,3,-101
16:43:33.906 -> 1,1,1,789,2,676,3,-111
16:43:34.010 -> 1,1,1,796,2,716,3,-154
16:43:34.080 -> 1,1,1,807,2,692,3,-126
16:43:34.148 -> 1,1,1,788,2,679,3,-146
16:43:34.217 -> 1,1,1,783,2,670,3,-140
16:43:34.318 -> 1,1,1,795,2,674,3,-129
16:43:34.421 -> 1,1,1,786,2,678,3,-150
16:43:34.489 -> 1,1,1,769,2,658,3,-163
16:43:34.558 -> 1,1,1,803,2,694,3,-120
16:43:34.628 -> 1,1,1,793,2,667,3,-139
16:43:34.696 -> 1,1,1,789,2,699,3,-121
16:43:35.004 -> 1,1,1,800,2,701,3,-138
16:43:35.071 -> 1,1,1,794,2,684,3,-123
16:43:35.140 -> 1,1,1,803,2,674,3,-109
16:43:35.242 -> 1,1,1,780,2,652,3,-152
16:43:35.346 -> 1,1,1,792,2,705,3,-141
16:43:35.415 -> 1,1,1,808,2,703,3,-123
16:43:35.484 -> 1,1,1,779,2,688,3,-136
16:43:35.552 -> 1,1,1,790,2,674,3,-127
16:43:35.620 -> 1,1,1,792,2,691,3,-135
16:43:35.723 -> 1,1,1,799,2,678,3,-126
16:43:35.792 -> 1,1,1,800,2,686,3,-139
16:43:35.860 -> 1,1,1,796,2,697,3,-147
16:43:35.961 -> 1,1,1,809,2,704,3,-126
16:43:36.030 -> 1,1,1,799,2,708,3,-131
16:43:36.133 -> 1,1,1,797,2,696,3,-121
16:43:36.202 -> 1,1,1,781,2,666,3,-138
16:43:36.270 -> 1,1,1,794,2,698,3,-133
16:43:36.340 -> 1,1,1,800,2,665,3,-125
16:43:36.408 -> 1,1,1,798,2,696,3,-115
16:43:36.511 -> 1,1,1,797,2,694,3,-144
16:43:36.579 -> 1,1,1,804,2,707,3,-124
16:43:36.648 -> 1,1,1,797,2,678,3,-123
16:43:36.717 -> 1,1,1,791,2,692,3,-146
16:43:36.819 -> 1,1,1,808,2,683,3,-136
16:43:36.921 -> 1,1,1,804,2,674,3,-132
16:43:36.989 -> 1,1,1,798,2,696,3,-123
16:43:37.056 -> 1,1,1,793,2,709,3,-117
16:43:37.125 -> 1,1,1,796,2,669,3,-138
16:43:37.294 -> 1,1,1,791,2,691,3,-113
16:43:37.363 -> 1,1,1,795,2,678,3,-133
16:43:37.466 -> 1,1,1,801,2,695,3,-133
16:43:37.534 -> 1,1,1,789,2,666,3,-134
16:43:37.603 -> 1,1,1,791,2,693,3,-139
16:43:37.705 -> 1,1,1,794,2,693,3,-142
16:43:37.772 -> 1,1,1,790,2,688,3,-118
16:43:37.840 -> 1,1,1,801,2,702,3,-128
16:43:37.909 -> 1,1,1,804,2,693,3,-125
16:43:37.976 -> 1,1,1,774,2,682,3,-160
16:43:38.078 -> 1,1,1,795,2,696,3,-119
16:43:38.181 -> 1,1,1,801,2,647,3,-166
16:43:38.390 -> 1,1,1,772,2,656,3,-197
16:43:38.460 -> 1,1,1,799,2,673,3,-141
16:43:38.528 -> 1,1,1,790,2,661,3,-157
16:43:38.630 -> 1,1,1,781,2,691,3,-161
16:43:38.698 -> 1,1,1,792,2,659,3,-137
16:43:38.766 -> 1,1,1,778,2,663,3,-162
16:43:38.835 -> 1,1,1,782,2,667,3,-183
16:43:38.905 -> 1,1,1,787,2,675,3,-125
16:43:39.009 -> 1,1,1,794,2,681,3,-157
16:43:39.077 -> 1,1,1,786,2,685,3,-171
16:43:39.147 -> 1,1,1,802,2,677,3,-162
16:43:39.217 -> 1,1,1,785,2,678,3,-165
16:43:39.320 -> 1,1,1,786,2,634,3,-170
16:43:39.422 -> 1,1,1,778,2,651,3,-152
16:43:39.492 -> 1,1,1,775,2,664,3,-168
16:43:39.560 -> 1,1,1,786,2,677,3,-177
16:43:39.629 -> 1,1,1,801,2,674,3,-164
16:43:39.698 -> 1,1,1,778,2,655,3,-164
16:43:39.801 -> 1,1,1,790,2,655,3,-164
16:43:39.871 -> 1,1,1,793,2,681,3,-155
16:43:39.938 -> 1,1,1,794,2,663,3,-173
16:43:40.006 -> 1,1,1,770,2,649,3,-160
16:43:40.107 -> 1,1,1,793,2,673,3,-178
16:43:40.210 -> 1,1,1,783,2,676,3,-150
16:43:40.279 -> 1,1,1,788,2,693,3,-163
16:43:40.348 -> 1,1,1,778,2,662,3,-165
16:43:40.416 -> 1,1,1,785,2,692,3,-179
16:43:40.485 -> 1,1,1,793,2,687,3,-160
16:43:40.588 -> 1,1,1,778,2,674,3,-174
16:43:40.656 -> 1,1,1,790,2,693,3,-166
16:43:40.724 -> 1,1,1,769,2,650,3,-165
16:43:40.825 -> 1,1,1,780,2,642,3,-167
16:43:40.895 -> 1,1,1,787,2,647,3,-133
16:43:41.000 -> 1,1,1,788,2,646,3,-174
16:43:41.069 -> 1,1,1,779,2,661,3,-145
16:43:41.137 -> 1,1,1,783,2,668,3,-164
16:43:41.206 -> 1,1,1,779,2,693,3,-164
16:43:41.274 -> 1,1,1,786,2,675,3,-161
16:43:41.375 -> 1,1,1,797,2,667,3,-157
16:43:41.445 -> 1,1,1,788,2,679,3,-147
16:43:41.547 -> 1,1,1,775,2,665,3,-146
16:43:41.717 -> 1,1,1,790,2,668,3,-136
16:43:41.820 -> 1,1,1,789,2,682,3,-159
16:43:41.922 -> 1,1,1,779,2,663,3,-150
16:43:41.991 -> 1,1,1,786,2,646,3,-159
16:43:42.059 -> 1,1,1,785,2,679,3,-142
16:43:42.127 -> 1,1,1,798,2,683,3,-173
16:43:42.194 -> 1,1,1,778,2,648,3,-163
16:43:42.296 -> 1,1,1,793,2,663,3,-162
16:43:42.364 -> 1,1,1,792,2,673,3,-162
16:43:42.467 -> 1,1,1,793,2,686,3,-160
16:43:42.535 -> 1,1,1,789,2,663,3,-147
16:43:42.604 -> 1,1,1,786,2,674,3,-166
16:43:42.707 -> 1,1,1,775,2,660,3,-154
16:43:42.775 -> 1,1,1,801,2,681,3,-148
16:43:42.845 -> 1,1,1,787,2,641,3,-160
16:43:42.914 -> 1,1,1,780,2,649,3,-177
16:43:42.983 -> 1,1,1,777,2,655,3,-151
16:43:43.086 -> 1,1,1,799,2,656,3,-136
16:43:43.155 -> 1,1,1,792,2,634,3,-182
16:43:43.223 -> 1,1,1,783,2,652,3,-177
16:43:43.326 -> 1,1,1,782,2,670,3,-163
16:43:43.393 -> 1,1,1,784,2,695,3,-153
16:43:43.496 -> 1,1,1,781,2,661,3,-180
16:43:43.564 -> 1,1,1,783,2,689,3,-159
16:43:43.632 -> 1,1,1,795,2,663,3,-175
16:43:43.701 -> 1,1,1,781,2,645,3,-150
16:43:43.771 -> 1,1,1,773,2,618,3,-177
16:43:43.874 -> 1,1,1,794,2,652,3,-183
16:43:43.942 -> 1,1,1,784,2,670,3,-148
16:43:44.010 -> 1,1,1,785,2,677,3,-143
16:43:44.113 -> 1,1,1,777,2,670,3,-167
16:43:44.181 -> 1,1,1,781,2,684,3,-173
16:43:44.284 -> 1,1,1,774,2,657,3,-167
16:43:44.352 -> 1,1,1,773,2,667,3,-174
16:43:44.420 -> 1,1,1,792,2,670,3,-181
16:43:44.489 -> 1,1,1,786,2,690,3,-143
16:43:44.556 -> 1,1,1,782,2,675,3,-162
16:43:44.657 -> 1,1,1,768,2,646,3,-136
16:43:44.760 -> 1,1,1,781,2,677,3,-159
16:43:44.828 -> 1,1,1,793,2,678,3,-164
16:43:44.931 -> 1,1,1,797,2,676,3,-120
16:43:45.103 -> 1,1,1,797,2,659,3,-157
16:43:45.205 -> 1,1,1,795,2,690,3,-140
16:43:45.272 -> 1,1,1,787,2,696,3,-153
16:43:45.340 -> 1,1,1,796,2,656,3,-112
16:43:45.408 -> 1,1,1,786,2,659,3,-154
16:43:45.475 -> 1,1,1,792,2,647,3,-139
16:43:45.578 -> 1,1,1,794,2,678,3,-153
16:43:45.681 -> 1,1,1,796,2,680,3,-135
16:43:45.749 -> 1,1,1,790,2,654,3,-136
16:43:45.816 -> 1,1,1,802,2,680,3,-144
16:43:45.885 -> 1,1,1,801,2,685,3,-145
16:43:45.989 -> 1,1,1,794,2,668,3,-141
16:43:46.059 -> 1,1,1,781,2,663,3,-132
16:43:46.127 -> 1,1,1,756,2,644,3,-151
16:43:46.196 -> 1,1,1,784,2,688,3,-133
16:43:46.264 -> 1,1,1,789,2,680,3,-164
16:43:46.367 -> 1,1,1,782,2,690,3,-135
16:43:46.470 -> 1,1,1,788,2,684,3,-149
16:43:46.539 -> 1,1,1,786,2,668,3,-149
16:43:46.607 -> 1,1,1,761,2,665,3,-154
16:43:46.676 -> 1,1,1,788,2,665,3,-135
16:43:46.777 -> 1,1,1,781,2,677,3,-149
16:43:46.846 -> 1,1,1,789,2,668,3,-128
16:43:46.914 -> 1,1,1,783,2,685,3,-141
16:43:46.983 -> 1,1,1,790,2,666,3,-127
16:43:47.052 -> 1,1,1,784,2,686,3,-147
16:43:47.155 -> 1,1,1,777,2,681,3,-125
16:43:47.257 -> 1,1,1,775,2,646,3,-154
16:43:47.323 -> 1,1,1,806,2,685,3,-148
16:43:47.390 -> 1,1,1,794,2,664,3,-133
16:43:47.458 -> 1,1,1,788,2,675,3,-141
16:43:47.560 -> 1,1,1,781,2,676,3,-139
16:43:47.628 -> 1,1,1,793,2,651,3,-133
16:43:47.697 -> 1,1,1,786,2,679,3,-143
16:43:47.798 -> 1,1,1,795,2,669,3,-139
16:43:47.867 -> 1,1,1,767,2,666,3,-127
16:43:47.970 -> 1,1,1,779,2,648,3,-144
16:43:48.106 -> 1,1,1,802,2,651,3,-146
16:43:48.176 -> 1,1,1,796,2,667,3,-146
16:43:48.278 -> 1,1,1,779,2,715,3,-181
16:43:48.484 -> 1,1,1,794,2,697,3,-158
16:43:48.553 -> 1,1,1,794,2,708,3,-151
16:43:48.621 -> 1,1,1,785,2,707,3,-188
16:43:48.688 -> 1,1,1,792,2,715,3,-174
16:43:48.790 -> 1,1,1,782,2,701,3,-179
16:43:48.892 -> 1,1,1,788,2,704,3,-167
16:43:48.961 -> 1,1,1,777,2,700,3,-169
16:43:49.031 -> 1,1,1,789,2,709,3,-172
16:43:49.100 -> 1,1,1,789,2,699,3,-180
16:43:49.170 -> 1,1,1,790,2,708,3,-146
16:43:49.274 -> 1,1,1,766,2,684,3,-189
16:43:49.342 -> 1,1,1,781,2,709,3,-165
16:43:49.412 -> 1,1,1,792,2,689,3,-166
16:43:49.480 -> 1,1,1,793,2,682,3,-157
16:43:49.548 -> 1,1,1,787,2,725,3,-191
16:43:49.687 -> 1,1,1,784,2,709,3,-186
16:43:49.755 -> 1,1,1,786,2,706,3,-151
16:43:49.823 -> 1,1,1,774,2,705,3,-181
16:43:49.890 -> 1,1,1,798,2,721,3,-146
16:43:49.958 -> 1,1,1,795,2,699,3,-168
16:43:50.060 -> 1,1,1,769,2,672,3,-211
16:43:50.130 -> 1,1,1,798,2,706,3,-173
16:43:50.199 -> 1,1,1,786,2,706,3,-149
16:43:50.266 -> 1,1,1,781,2,711,3,-181
16:43:50.368 -> 1,1,1,792,2,695,3,-155
16:43:50.541 -> 1,1,1,786,2,698,3,-178
16:43:50.610 -> 1,1,1,781,2,667,3,-165
16:43:50.678 -> 1,1,1,786,2,683,3,-165
16:43:50.747 -> 1,1,1,793,2,705,3,-159
16:43:50.851 -> 1,1,1,792,2,698,3,-159
16:43:50.918 -> 1,1,1,781,2,693,3,-179
16:43:50.987 -> 1,1,1,776,2,698,3,-156
16:43:51.056 -> 1,1,1,772,2,704,3,-191
16:43:51.158 -> 1,1,1,792,2,707,3,-163
16:43:51.260 -> 1,1,1,783,2,686,3,-173
16:43:51.329 -> 1,1,1,787,2,699,3,-170
16:43:51.397 -> 1,1,1,782,2,712,3,-173
16:43:51.465 -> 1,1,1,806,2,735,3,-148
16:43:51.534 -> 1,1,1,796,2,711,3,-179
16:43:51.672 -> 1,1,1,803,2,656,3,-131
16:43:51.845 -> 1,1,1,788,2,673,3,-159
16:43:51.914 -> 1,1,1,785,2,653,3,-149
16:43:51.984 -> 1,1,1,784,2,693,3,-172
16:43:52.053 -> 1,1,1,784,2,651,3,-156
16:43:52.156 -> 1,1,1,783,2,665,3,-148
16:43:52.258 -> 1,1,1,778,2,638,3,-148
16:43:52.327 -> 1,1,1,775,2,660,3,-160
16:43:52.396 -> 1,1,1,781,2,642,3,-150
16:43:52.465 -> 1,1,1,784,2,684,3,-166
16:43:52.568 -> 1,1,1,784,2,669,3,-138
16:43:52.636 -> 1,1,1,773,2,662,3,-168
16:43:52.704 -> 1,1,1,788,2,670,3,-123
16:43:52.772 -> 1,1,1,785,2,652,3,-162
16:43:52.978 -> 1,1,1,792,2,655,3,-127
16:43:53.047 -> 1,1,1,788,2,672,3,-150
16:43:53.117 -> 1,1,1,788,2,661,3,-131
16:43:53.185 -> 1,1,1,787,2,693,3,-170
16:43:53.253 -> 1,1,1,777,2,662,3,-148
16:43:53.356 -> 1,1,1,792,2,679,3,-157
16:43:53.424 -> 1,1,1,789,2,661,3,-155
16:43:53.492 -> 1,1,1,791,2,672,3,-149
16:43:53.560 -> 1,1,1,790,2,679,3,-156
16:43:53.629 -> 1,1,1,788,2,642,3,-145
16:43:53.766 -> 1,1,1,794,2,660,3,-154
16:43:53.835 -> 1,1,1,777,2,652,3,-144
16:43:53.903 -> 1,1,1,786,2,670,3,-136
16:43:53.973 -> 1,1,1,786,2,674,3,-149
16:43:54.042 -> 1,1,1,791,2,672,3,-157
16:43:54.144 -> 1,1,1,784,2,663,3,-147
16:43:54.211 -> 1,1,1,794,2,660,3,-140
16:43:54.280 -> 1,1,1,780,2,652,3,-155
16:43:54.348 -> 1,1,1,794,2,678,3,-138
16:43:54.415 -> 1,1,1,785,2,691,3,-132
16:43:54.553 -> 1,1,1,780,2,660,3,-144
16:43:54.620 -> 1,1,1,782,2,640,3,-143
16:43:54.688 -> 1,1,1,784,2,669,3,-168
16:43:54.757 -> 1,1,1,787,2,665,3,-141
16:43:54.827 -> 1,1,1,781,2,669,3,-137
16:43:54.930 -> 1,1,1,806,2,684,3,-146
16:43:55.033 -> 1,1,1,797,2,703,3,-192
16:43:55.204 -> 1,1,1,790,2,677,3,-167
16:43:55.272 -> 1,1,1,782,2,687,3,-189
16:43:55.341 -> 1,1,1,794,2,697,3,-165
16:43:55.476 -> 1,1,1,785,2,689,3,-173
16:43:55.544 -> 1,1,1,787,2,703,3,-191
16:43:55.613 -> 1,1,1,800,2,677,3,-162
16:43:55.683 -> 1,1,1,802,2,680,3,-179
16:43:55.751 -> 1,1,1,781,2,679,3,-201
16:43:55.852 -> 1,1,1,793,2,696,3,-160
16:43:55.922 -> 1,1,1,784,2,705,3,-169
16:43:55.992 -> 1,1,1,787,2,680,3,-178
16:43:56.060 -> 1,1,1,791,2,696,3,-159
16:43:56.127 -> 1,1,1,774,2,684,3,-209
16:43:56.264 -> 1,1,1,795,2,702,3,-179
16:43:56.331 -> 1,1,1,794,2,689,3,-196
16:43:56.401 -> 1,1,1,798,2,700,3,-179
16:43:56.469 -> 1,1,1,789,2,698,3,-161
16:43:56.539 -> 1,1,1,801,2,696,3,-168
16:43:56.643 -> 1,1,1,796,2,724,3,-162
16:43:56.711 -> 1,1,1,797,2,698,3,-181
16:43:56.778 -> 1,1,1,779,2,670,3,-197
16:43:56.846 -> 1,1,1,795,2,709,3,-162
16:43:56.915 -> 1,1,1,779,2,684,3,-175
16:43:57.050 -> 1,1,1,790,2,673,3,-190
16:43:57.120 -> 1,1,1,796,2,684,3,-168
16:43:57.189 -> 1,1,1,795,2,685,3,-154
16:43:57.256 -> 1,1,1,806,2,700,3,-176
16:43:57.324 -> 1,1,1,801,2,716,3,-178
16:43:57.427 -> 1,1,1,786,2,700,3,-166
16:43:57.497 -> 1,1,1,792,2,678,3,-186
16:43:57.567 -> 1,1,1,793,2,668,3,-184
16:43:57.635 -> 1,1,1,779,2,682,3,-173
16:43:57.705 -> 1,1,1,797,2,685,3,-168
16:43:57.843 -> 1,1,1,786,2,680,3,-182
16:43:57.911 -> 1,1,1,795,2,682,3,-181
16:43:57.980 -> 1,1,1,791,2,687,3,-182
16:43:58.048 -> 1,1,1,784,2,687,3,-174
16:43:58.116 -> 1,1,1,797,2,717,3,-165
16:43:58.220 -> 1,1,1,785,2,682,3,-178
16:43:58.288 -> 1,1,1,789,2,682,3,-191
16:43:58.391 -> 1,1,1,801,2,688,3,-164
16:43:58.560 -> 1,1,1,807,2,696,3,-143
16:43:58.629 -> 1,1,1,810,2,698,3,-172
16:43:58.732 -> 1,1,1,802,2,696,3,-166
16:43:58.833 -> 1,1,1,815,2,705,3,-145
16:43:58.902 -> 1,1,1,800,2,698,3,-160
16:43:58.972 -> 1,1,1,802,2,677,3,-168
16:43:59.042 -> 1,1,1,783,2,686,3,-166
16:43:59.146 -> 1,1,1,803,2,684,3,-161
16:43:59.215 -> 1,1,1,804,2,690,3,-147
16:43:59.283 -> 1,1,1,786,2,675,3,-186
16:43:59.351 -> 1,1,1,807,2,678,3,-183
16:43:59.420 -> 1,1,1,798,2,673,3,-174
16:43:59.524 -> 1,1,1,799,2,706,3,-166
16:43:59.593 -> 1,1,1,812,2,692,3,-156
16:43:59.695 -> 1,1,1,804,2,685,3,-166
16:43:59.764 -> 1,1,1,797,2,683,3,-153
16:43:59.831 -> 1,1,1,796,2,667,3,-154
16:43:59.932 -> 1,1,1,808,2,677,3,-141
16:44:00.002 -> 1,1,1,810,2,695,3,-159
16:44:00.070 -> 1,1,1,807,2,676,3,-165
16:44:00.139 -> 1,1,1,773,2,666,3,-189
16:44:00.208 -> 1,1,1,800,2,686,3,-161
16:44:00.311 -> 1,1,1,796,2,699,3,-154
16:44:00.414 -> 1,1,1,806,2,706,3,-172
16:44:00.481 -> 1,1,1,803,2,671,3,-168
16:44:00.550 -> 1,1,1,794,2,675,3,-163
16:44:00.618 -> 1,1,1,790,2,695,3,-159
16:44:00.721 -> 1,1,1,809,2,674,3,-135
16:44:00.789 -> 1,1,1,795,2,678,3,-176
16:44:00.856 -> 1,1,1,798,2,668,3,-144
16:44:00.924 -> 1,1,1,795,2,695,3,-156
16:44:00.993 -> 1,1,1,805,2,694,3,-161
16:44:01.097 -> 1,1,1,804,2,686,3,-141
16:44:01.203 -> 1,1,1,795,2,674,3,-155
16:44:01.271 -> 1,1,1,794,2,689,3,-171
16:44:01.340 -> 1,1,1,799,2,684,3,-176
16:44:01.409 -> 1,1,1,784,2,673,3,-188
16:44:01.511 -> 1,1,1,800,2,685,3,-164
16:44:01.580 -> 1,1,1,781,2,674,3,-186
16:44:01.649 -> 1,1,1,803,2,668,3,-153
16:44:01.751 -> 1,1,1,763,2,637,3,-226
16:44:01.921 -> 1,1,1,782,2,641,3,-193
16:44:02.023 -> 1,1,1,771,2,658,3,-185
16:44:02.124 -> 1,1,1,790,2,643,3,-209
16:44:02.192 -> 1,1,1,790,2,659,3,-184
16:44:02.261 -> 1,1,1,761,2,658,3,-203
16:44:02.328 -> 1,1,1,781,2,656,3,-194
16:44:02.430 -> 1,1,1,773,2,621,3,-196
16:44:02.500 -> 1,1,1,774,2,642,3,-214
16:44:02.569 -> 1,1,1,790,2,660,3,-198
16:44:02.636 -> 1,1,1,784,2,642,3,-204
16:44:02.704 -> 1,1,1,797,2,654,3,-169
16:44:02.840 -> 1,1,1,783,2,652,3,-195
16:44:02.909 -> 1,1,1,779,2,684,3,-164
16:44:02.977 -> 1,1,1,780,2,669,3,-201
16:44:03.045 -> 1,1,1,769,2,661,3,-194
16:44:03.115 -> 1,1,1,773,2,643,3,-187
16:44:03.219 -> 1,1,1,790,2,653,3,-204
16:44:03.288 -> 1,1,1,792,2,661,3,-187
16:44:03.357 -> 1,1,1,792,2,659,3,-191
16:44:03.427 -> 1,1,1,785,2,656,3,-191
16:44:03.493 -> 1,1,1,763,2,639,3,-202
16:44:03.632 -> 1,1,1,795,2,646,3,-179
16:44:03.701 -> 1,1,1,786,2,640,3,-194
16:44:03.770 -> 1,1,1,772,2,634,3,-215
16:44:03.838 -> 1,1,1,774,2,662,3,-198
16:44:03.906 -> 1,1,1,787,2,659,3,-200
16:44:04.010 -> 1,1,1,790,2,656,3,-162
16:44:04.078 -> 1,1,1,773,2,652,3,-211
16:44:04.147 -> 1,1,1,783,2,631,3,-182
16:44:04.217 -> 1,1,1,782,2,675,3,-200
16:44:04.287 -> 1,1,1,764,2,640,3,-182
16:44:04.390 -> 1,1,1,789,2,649,3,-189
16:44:04.492 -> 1,1,1,779,2,648,3,-194
16:44:04.562 -> 1,1,1,787,2,622,3,-170
16:44:04.630 -> 1,1,1,789,2,643,3,-173
16:44:04.700 -> 1,1,1,789,2,642,3,-174
16:44:04.802 -> 1,1,1,774,2,652,3,-189
16:44:04.871 -> 1,1,1,770,2,622,3,-207
16:44:04.939 -> 1,1,1,795,2,653,3,-184
16:44:05.008 -> 1,1,1,789,2,680,3,-202
16:44:05.112 -> 1,1,1,811,2,708,3,-107
16:44:05.319 -> 1,1,1,793,2,692,3,-129
16:44:05.389 -> 1,1,1,782,2,678,3,-168
16:44:05.458 -> 1,1,1,766,2,689,3,-158
16:44:05.525 -> 1,1,1,786,2,696,3,-144
16:44:05.629 -> 1,1,1,790,2,691,3,-125
16:44:05.732 -> 1,1,1,775,2,679,3,-119
16:44:05.799 -> 1,1,1,783,2,677,3,-134
16:44:05.869 -> 1,1,1,788,2,699,3,-125
16:44:05.936 -> 1,1,1,802,2,706,3,-129
16:44:06.004 -> 1,1,1,797,2,708,3,-126
16:44:06.106 -> 1,1,1,791,2,686,3,-144
16:44:06.174 -> 1,1,1,793,2,689,3,-119
16:44:06.242 -> 1,1,1,801,2,696,3,-141
16:44:06.345 -> 1,1,1,793,2,707,3,-119
16:44:06.414 -> 1,1,1,812,2,693,3,-140
16:44:06.517 -> 1,1,1,789,2,705,3,-157
16:44:06.587 -> 1,1,1,799,2,719,3,-119
16:44:06.657 -> 1,1,1,797,2,709,3,-135
16:44:06.726 -> 1,1,1,783,2,680,3,-110
16:44:06.795 -> 1,1,1,777,2,688,3,-139
16:44:06.899 -> 1,1,1,802,2,708,3,-142
16:44:06.967 -> 1,1,1,790,2,687,3,-143
16:44:07.035 -> 1,1,1,795,2,694,3,-146
16:44:07.105 -> 1,1,1,798,2,696,3,-153
16:44:07.207 -> 1,1,1,773,2,705,3,-117
16:44:07.309 -> 1,1,1,772,2,663,3,-140
16:44:07.377 -> 1,1,1,802,2,689,3,-139
16:44:07.445 -> 1,1,1,788,2,686,3,-130
16:44:07.514 -> 1,1,1,780,2,692,3,-140
16:44:07.583 -> 1,1,1,795,2,699,3,-131
16:44:07.684 -> 1,1,1,794,2,710,3,-138
16:44:07.753 -> 1,1,1,771,2,677,3,-143
16:44:07.822 -> 1,1,1,794,2,702,3,-129
16:44:07.924 -> 1,1,1,790,2,679,3,-148
16:44:07.993 -> 1,1,1,804,2,688,3,-125
16:44:08.096 -> 1,1,1,784,2,700,3,-111
16:44:08.164 -> 1,1,1,774,2,674,3,-150
16:44:08.232 -> 1,1,1,801,2,711,3,-127
16:44:08.300 -> 1,1,1,780,2,681,3,-141
16:44:08.368 -> 1,1,1,786,2,675,3,-158
16:44:08.504 -> 1,1,1,788,2,687,3,-146
16:44:08.674 -> 1,1,1,762,2,686,3,-182
16:44:08.775 -> 1,1,1,794,2,669,3,-156
16:44:08.818 -> 1,1,1,792,2,683,3,-145
16:44:08.911 -> 1,1,1,804,2,685,3,-148
16:44:09.014 -> 1,1,1,774,2,658,3,-151
16:44:09.082 -> 1,1,1,787,2,673,3,-163
16:44:09.150 -> 1,1,1,798,2,682,3,-150
16:44:09.218 -> 1,1,1,798,2,660,3,-159
16:44:09.287 -> 1,1,1,794,2,675,3,-123
16:44:09.391 -> 1,1,1,785,2,699,3,-146
16:44:09.460 -> 1,1,1,790,2,693,3,-144
16:44:09.563 -> 1,1,1,786,2,694,3,-171
16:44:09.632 -> 1,1,1,796,2,683,3,-153
16:44:09.701 -> 1,1,1,784,2,684,3,-165
16:44:09.803 -> 1,1,1,790,2,652,3,-168
16:44:09.871 -> 1,1,1,782,2,679,3,-154
16:44:09.939 -> 1,1,1,787,2,689,3,-153
16:44:10.007 -> 1,1,1,800,2,686,3,-161
16:44:10.075 -> 1,1,1,788,2,681,3,-136
16:44:10.176 -> 1,1,1,778,2,676,3,-155
16:44:10.279 -> 1,1,1,798,2,673,3,-153
16:44:10.349 -> 1,1,1,788,2,658,3,-149
16:44:10.416 -> 1,1,1,798,2,669,3,-155
16:44:10.484 -> 1,1,1,781,2,690,3,-152
16:44:10.586 -> 1,1,1,800,2,701,3,-161
16:44:10.652 -> 1,1,1,791,2,700,3,-133
16:44:10.719 -> 1,1,1,786,2,667,3,-139
16:44:10.789 -> 1,1,1,790,2,687,3,-166
16:44:10.858 -> 1,1,1,792,2,676,3,-145
16:44:10.994 -> 1,1,1,767,2,675,3,-140
16:44:11.063 -> 1,1,1,798,2,678,3,-142
16:44:11.131 -> 1,1,1,792,2,693,3,-143
16:44:11.199 -> 1,1,1,787,2,681,3,-148
16:44:11.267 -> 1,1,1,769,2,654,3,-173
16:44:11.369 -> 1,1,1,790,2,664,3,-157
16:44:11.436 -> 1,1,1,790,2,686,3,-127
16:44:11.608 -> 1,1,1,782,2,671,3,-149
16:44:11.677 -> 1,1,1,772,2,666,3,-154
16:44:11.779 -> 1,1,1,800,2,690,3,-146
16:44:11.881 -> 1,1,1,779,2,677,3,-164
16:44:12.051 -> 1,1,1,790,2,668,3,-145
16:44:12.119 -> 1,1,1,790,2,680,3,-153
16:44:12.186 -> 1,1,1,783,2,671,3,-154
16:44:12.282 -> 1,1,1,762,2,668,3,-153
16:44:12.356 -> 1,1,1,776,2,695,3,-153
16:44:12.424 -> 1,1,1,788,2,670,3,-133
16:44:12.527 -> 1,1,1,775,2,691,3,-149
16:44:12.595 -> 1,1,1,780,2,678,3,-170
16:44:12.698 -> 1,1,1,789,2,705,3,-144
16:44:12.766 -> 1,1,1,771,2,641,3,-134
16:44:12.835 -> 1,1,1,771,2,649,3,-180
16:44:12.903 -> 1,1,1,771,2,665,3,-151
16:44:12.970 -> 1,1,1,784,2,691,3,-129
16:44:13.075 -> 1,1,1,786,2,696,3,-146
16:44:13.144 -> 1,1,1,768,2,662,3,-161
16:44:13.244 -> 1,1,1,776,2,700,3,-151
16:44:13.313 -> 1,1,1,774,2,694,3,-149
16:44:13.381 -> 1,1,1,788,2,658,3,-154
16:44:13.485 -> 1,1,1,795,2,694,3,-149
16:44:13.553 -> 1,1,1,778,2,643,3,-144
16:44:13.622 -> 1,1,1,785,2,683,3,-138
16:44:13.690 -> 1,1,1,774,2,664,3,-133
16:44:13.760 -> 1,1,1,769,2,659,3,-178
16:44:13.863 -> 1,1,1,790,2,681,3,-141
16:44:13.933 -> 1,1,1,781,2,668,3,-120
16:44:14.001 -> 1,1,1,777,2,668,3,-140
16:44:14.101 -> 1,1,1,780,2,702,3,-158
16:44:14.170 -> 1,1,1,778,2,680,3,-167
16:44:14.272 -> 1,1,1,791,2,691,3,-133
16:44:14.340 -> 1,1,1,781,2,699,3,-168
16:44:14.408 -> 1,1,1,781,2,695,3,-140
16:44:14.477 -> 1,1,1,777,2,689,3,-134
16:44:14.543 -> 1,1,1,794,2,709,3,-156
16:44:14.647 -> 1,1,1,782,2,647,3,-167
16:44:14.749 -> 1,1,1,787,2,692,3,-128
16:44:14.817 -> 1,1,1,788,2,707,3,-136
16:44:14.887 -> 1,1,1,767,2,652,3,-180
16:44:14.956 -> 1,1,1,793,2,693,3,-135
16:44:15.060 -> 1,1,1,772,2,651,3,-151
16:44:15.127 -> 1,1,1,783,2,687,3,-154
16:44:15.230 -> 1,1,1,784,2,682,3,-156
16:44:15.400 -> 1,1,1,794,2,680,3,-163
16:44:15.467 -> 1,1,1,788,2,693,3,-146
16:44:15.570 -> 1,1,1,784,2,667,3,-160
16:44:15.673 -> 1,1,1,792,2,660,3,-164
16:44:15.742 -> 1,1,1,789,2,691,3,-129
16:44:15.810 -> 1,1,1,790,2,681,3,-152
16:44:15.880 -> 1,1,1,773,2,684,3,-147
16:44:15.982 -> 1,1,1,787,2,699,3,-162
16:44:16.050 -> 1,1,1,780,2,672,3,-174
16:44:16.119 -> 1,1,1,785,2,670,3,-150
16:44:16.188 -> 1,1,1,781,2,671,3,-167
16:44:16.255 -> 1,1,1,798,2,687,3,-139
16:44:16.356 -> 1,1,1,786,2,664,3,-155
16:44:16.458 -> 1,1,1,771,2,659,3,-166
16:44:16.525 -> 1,1,1,792,2,690,3,-148
16:44:16.595 -> 1,1,1,793,2,681,3,-160
16:44:16.663 -> 1,1,1,791,2,680,3,-151
16:44:16.765 -> 1,1,1,763,2,641,3,-191
16:44:16.832 -> 1,1,1,780,2,676,3,-152
16:44:16.900 -> 1,1,1,778,2,651,3,-193
16:44:16.968 -> 1,1,1,797,2,673,3,-125
16:44:17.037 -> 1,1,1,808,2,661,3,-161
16:44:17.175 -> 1,1,1,784,2,665,3,-182
16:44:17.244 -> 1,1,1,767,2,669,3,-150
16:44:17.311 -> 1,1,1,805,2,650,3,-145
16:44:17.381 -> 1,1,1,795,2,682,3,-150
16:44:17.449 -> 1,1,1,795,2,684,3,-164
16:44:17.552 -> 1,1,1,785,2,657,3,-135
16:44:17.621 -> 1,1,1,776,2,645,3,-181
16:44:17.689 -> 1,1,1,783,2,664,3,-167
16:44:17.757 -> 1,1,1,784,2,674,3,-186
16:44:17.827 -> 1,1,1,792,2,683,3,-152
16:44:17.961 -> 1,1,1,788,2,699,3,-149
16:44:18.030 -> 1,1,1,781,2,689,3,-130
16:44:18.097 -> 1,1,1,796,2,699,3,-150
16:44:18.165 -> 1,1,1,794,2,665,3,-146
16:44:18.233 -> 1,1,1,787,2,675,3,-162
16:44:18.334 -> 1,1,1,787,2,677,3,-180
16:44:18.402 -> 1,1,1,794,2,679,3,-148
16:44:18.472 -> 1,1,1,783,2,681,3,-172
16:44:18.576 -> 1,1,1,799,2,665,3,-177
16:44:18.781 -> 1,1,1,774,2,626,3,-163
16:44:18.884 -> 1,1,1,788,2,657,3,-151
16:44:18.953 -> 1,1,1,793,2,673,3,-168
16:44:19.023 -> 1,1,1,794,2,658,3,-168
16:44:19.092 -> 1,1,1,771,2,668,3,-186
16:44:19.162 -> 1,1,1,788,2,665,3,-157
16:44:19.266 -> 1,1,1,775,2,653,3,-158
16:44:19.335 -> 1,1,1,798,2,673,3,-160
16:44:19.403 -> 1,1,1,791,2,651,3,-165
16:44:19.473 -> 1,1,1,768,2,665,3,-166
16:44:19.542 -> 1,1,1,801,2,681,3,-160
16:44:19.644 -> 1,1,1,785,2,659,3,-163
16:44:19.747 -> 1,1,1,791,2,641,3,-173
16:44:19.815 -> 1,1,1,782,2,666,3,-159
16:44:19.885 -> 1,1,1,782,2,701,3,-176
16:44:19.954 -> 1,1,1,796,2,663,3,-188
16:44:20.058 -> 1,1,1,793,2,662,3,-172
16:44:20.127 -> 1,1,1,791,2,674,3,-166
16:44:20.195 -> 1,1,1,795,2,660,3,-165
16:44:20.262 -> 1,1,1,787,2,662,3,-175
16:44:20.329 -> 1,1,1,772,2,653,3,-158
16:44:20.433 -> 1,1,1,787,2,669,3,-180
16:44:20.536 -> 1,1,1,801,2,646,3,-163
16:44:20.604 -> 1,1,1,776,2,647,3,-184
16:44:20.673 -> 1,1,1,795,2,675,3,-185
16:44:20.742 -> 1,1,1,778,2,656,3,-195
16:44:20.915 -> 1,1,1,788,2,651,3,-172
16:44:20.983 -> 1,1,1,792,2,645,3,-163
16:44:21.051 -> 1,1,1,784,2,661,3,-175
16:44:21.121 -> 1,1,1,790,2,673,3,-164
16:44:21.224 -> 1,1,1,785,2,672,3,-150
16:44:21.338 -> 1,1,1,778,2,643,3,-163
16:44:21.392 -> 1,1,1,794,2,675,3,-176
16:44:21.460 -> 1,1,1,767,2,642,3,-180
16:44:21.529 -> 1,1,1,767,2,662,3,-182
16:44:21.632 -> 1,1,1,780,2,641,3,-164
16:44:21.701 -> 1,1,1,788,2,653,3,-160
16:44:21.769 -> 1,1,1,776,2,633,3,-162
16:44:21.838 -> 1,1,1,786,2,658,3,-172
16:44:21.940 -> 1,1,1,788,2,676,3,-169
16:44:22.178 -> 1,1,1,785,2,659,3,-166
16:44:22.246 -> 1,1,1,795,2,662,3,-169
16:44:22.315 -> 1,1,1,787,2,686,3,-152
16:44:22.381 -> 1,1,1,777,2,640,3,-152
16:44:22.448 -> 1,1,1,796,2,664,3,-167
16:44:22.551 -> 1,1,1,792,2,670,3,-144
16:44:22.620 -> 1,1,1,788,2,685,3,-152
16:44:22.688 -> 1,1,1,794,2,673,3,-148
16:44:22.757 -> 1,1,1,796,2,672,3,-154
16:44:22.859 -> 1,1,1,795,2,684,3,-153
16:44:22.962 -> 1,1,1,793,2,668,3,-147
16:44:23.031 -> 1,1,1,790,2,666,3,-169
16:44:23.100 -> 1,1,1,798,2,686,3,-148
16:44:23.169 -> 1,1,1,797,2,701,3,-152
16:44:23.237 -> 1,1,1,797,2,681,3,-151
16:44:23.341 -> 1,1,1,781,2,645,3,-185
16:44:23.410 -> 1,1,1,789,2,634,3,-171
16:44:23.479 -> 1,1,1,799,2,684,3,-146
16:44:23.548 -> 1,1,1,785,2,679,3,-177
16:44:23.618 -> 1,1,1,789,2,683,3,-152
16:44:23.722 -> 1,1,1,790,2,679,3,-158
16:44:23.826 -> 1,1,1,783,2,651,3,-166
16:44:23.895 -> 1,1,1,759,2,663,3,-160
16:44:23.963 -> 1,1,1,792,2,667,3,-185
16:44:24.031 -> 1,1,1,797,2,666,3,-169
16:44:24.133 -> 1,1,1,784,2,657,3,-171
16:44:24.202 -> 1,1,1,783,2,650,3,-161
16:44:24.270 -> 1,1,1,800,2,677,3,-175
16:44:24.510 -> 1,1,1,794,2,684,3,-146
16:44:24.612 -> 1,1,1,783,2,657,3,-167
16:44:24.679 -> 1,1,1,796,2,671,3,-170
16:44:24.748 -> 1,1,1,798,2,674,3,-161
16:44:24.818 -> 1,1,1,781,2,669,3,-178
16:44:24.920 -> 1,1,1,777,2,646,3,-146
16:44:24.989 -> 1,1,1,792,2,650,3,-149
16:44:25.056 -> 1,1,1,781,2,665,3,-170
16:44:25.123 -> 1,1,1,801,2,676,3,-142
16:44:25.192 -> 1,1,1,798,2,690,3,-156
16:44:25.363 -> 1,1,1,813,2,700,3,-161
16:44:25.537 -> 1,1,1,798,2,715,3,-150
16:44:25.605 -> 1,1,1,794,2,704,3,-152
16:44:25.672 -> 1,1,1,786,2,707,3,-160
16:44:25.740 -> 1,1,1,800,2,688,3,-149
16:44:25.842 -> 1,1,1,780,2,672,3,-168
16:44:25.910 -> 1,1,1,803,2,715,3,-147
16:44:25.980 -> 1,1,1,797,2,684,3,-154
16:44:26.049 -> 1,1,1,792,2,686,3,-162
16:44:26.116 -> 1,1,1,792,2,690,3,-160
16:44:26.254 -> 1,1,1,779,2,657,3,-150
16:44:26.323 -> 1,1,1,795,2,687,3,-132
16:44:26.390 -> 1,1,1,795,2,689,3,-129
16:44:26.458 -> 1,1,1,796,2,698,3,-165
16:44:26.527 -> 1,1,1,774,2,690,3,-155
16:44:26.629 -> 1,1,1,799,2,691,3,-138
16:44:26.697 -> 1,1,1,799,2,660,3,-162
16:44:26.766 -> 1,1,1,801,2,705,3,-139
16:44:26.834 -> 1,1,1,791,2,702,3,-162
16:44:26.903 -> 1,1,1,801,2,695,3,-162
16:44:27.040 -> 1,1,1,790,2,678,3,-154
16:44:27.107 -> 1,1,1,784,2,693,3,-180
16:44:27.176 -> 1,1,1,781,2,679,3,-157
16:44:27.243 -> 1,1,1,769,2,677,3,-189
16:44:27.313 -> 1,1,1,789,2,677,3,-162
16:44:27.415 -> 1,1,1,804,2,688,3,-117
16:44:27.482 -> 1,1,1,798,2,672,3,-173
16:44:27.551 -> 1,1,1,784,2,686,3,-164
16:44:27.620 -> 1,1,1,795,2,686,3,-164
16:44:27.724 -> 1,1,1,787,2,692,3,-157
16:44:27.827 -> 1,1,1,800,2,681,3,-144
16:44:27.896 -> 1,1,1,801,2,696,3,-153
16:44:27.963 -> 1,1,1,791,2,691,3,-149
16:44:28.032 -> 1,1,1,789,2,687,3,-149
16:44:28.101 -> 1,1,1,790,2,692,3,-160
16:44:28.204 -> 1,1,1,786,2,697,3,-143
16:44:28.272 -> 1,1,1,795,2,697,3,-138
16:44:28.342 -> 1,1,1,790,2,674,3,-166
16:44:28.412 -> 1,1,1,792,2,653,3,-170